10000 1024 4 
region0_0
region1_0
region0_1
region1_1
0.55397 0.477397 1
0.628871 0.364784 1
0.513401 0.95223 3
0.916195 0.635712 3
0.717297 0.141603 1
0.606969 0.0163006 1
0.242887 0.137232 0
0.804177 0.156679 1
0.400944 0.12979 0
0.108809 0.998925 2
0.218257 0.512932 2
0.839112 0.61264 3
0.296032 0.637552 2
0.524287 0.493583 1
0.972775 0.292517 1
0.771358 0.526745 3
0.769914 0.400229 1
0.891529 0.283315 1
0.352458 0.807725 2
0.919026 0.0697553 1
0.949327 0.525995 3
0.0860558 0.192214 0
0.663227 0.890233 3
0.348893 0.0641713 0
0.020023 0.457702 0
0.0630958 0.23828 0
0.970634 0.902208 3
0.85092 0.266666 1
0.53976 0.375207 1
0.760249 0.512535 3
0.667724 0.531606 3
0.0392803 0.437638 0
0.931835 0.93081 3
0.720952 0.284293 1
0.738534 0.639979 3
0.354049 0.687861 2
0.165974 0.440105 0
0.880075 0.829201 3
0.330337 0.228968 0
0.893372 0.35036 1
0.68667 0.956468 3
0.58864 0.657304 3
0.858676 0.43956 1
0.92397 0.398437 1
0.814767 0.684219 3
0.910972 0.482491 1
0.215825 0.950252 2
0.920128 0.14766 1
0.881062 0.641081 3
0.431953 0.619596 2
0.281059 0.786002 2
0.307458 0.447034 0
0.226107 0.187533 0
0.276235 0.556444 2
0.416501 0.169607 0
0.906804 0.103171 1
0.126075 0.495444 0
0.760475 0.984752 3
0.935004 0.684445 3
0.383188 0.749771 2
0.368664 0.29416 0
0.232262 0.584489 2
0.244413 0.15239 0
0.732149 0.125475 1
0.79347 0.164102 1
0.745071 0.0745298 1
0.950104 0.0525293 1
0.521563 0.176211 1
0.240062 0.797798 2
0.732654 0.656564 3
0.967405 0.639458 3
0.759735 0.0934805 1
0.134902 0.52021 2
0.0782321 0.0699064 0
0.204655 0.46142 0
0.819677 0.573319 3
0.755581 0.0519388 1
0.157807 0.999994 2
0.204329 0.889956 2
0.125468 0.997799 2
0.0540576 0.87054 2
0.0723288 0.00416161 0
0.923069 0.593892 3
0.180372 0.163131 0
0.39169 0.913027 2
0.819695 0.359095 1
0.552485 0.57943 3
0.452576 0.687387 2
0.0996401 0.530808 2
0.757294 0.304295 1
0.992228 0.576971 3
0.877614 0.747809 3
0.62891 0.0354209 1
0.747803 0.833239 3
0.925377 0.873271 3
0.831038 0.979434 3
0.743811 0.903366 3
0.983596 0.66688 3
0.497259 0.163968 0
0.830012 0.888949 3
0.0769947 0.649707 2
0.248044 0.62948 2
0.229137 0.70062 2
0.316867 0.328777 0
0.231428 0.074161 0
0.633072 0.223656 1
0.651132 0.510686 3
0.971466 0.280042 1
0.546107 0.719269 3
0.113281 0.471483 0
0.59254 0.944318 3
0.450918 0.336351 0
0.847684 0.434513 1
0.00323146 0.344943 0
0.598481 0.833243 3
0.233892 0.675476 2
0.48295 0.481936 0
0.304956 0.712087 2
0.182556 0.621823 2
0.0408643 0.413984 0
0.695984 0.673936 3
0.63764 0.347116 1
0.184622 0.609106 2
0.627158 0.730729 3
0.328374 0.740438 2
0.202213 0.920914 2
0.684757 0.65313 3
0.257265 0.532441 2
0.0876436 0.260497 0
0.877384 0.686125 3
0.0937402 0.111276 0
0.361601 0.576691 2
0.593211 0.666557 3
0.288778 0.775767 2
0.288379 0.329642 0
0.189751 0.984363 2
0.00357857 0.827391 2
0.331479 0.188201 0
0.436497 0.958637 2
0.91893 0.764871 3
0.699075 0.121143 1
0.685786 0.383832 1
0.774273 0.943051 3
0.916273 0.861917 3
0.203548 0.793657 2
0.548042 0.297288 1
0.904932 0.909643 3
0.873979 0.498144 1
0.5762 0.162757 1
0.273911 0.864579 2
0.492399 0.463662 0
0.848942 0.495977 1
0.291053 0.180421 0
0.684178 0.72755 3
0.139058 0.603109 2
0.492422 0.838134 2
0.724252 0.178208 1
0.221966 0.498525 0
0.121259 0.138238 0
0.360443 0.324807 0
0.931895 0.908485 3
0.622095 0.836828 3
0.818128 0.496074 1
0.334972 0.394327 0
0.658831 0.608883 3
0.258906 0.15123 0
0.072545 0.107848 0
0.647207 0.363598 1
0.28827 0.331386 0
0.0911486 0.427328 0
0.934495 0.58357 3
0.265461 0.658747 2
0.761778 0.487427 1
0.157272 0.883037 2
0.625665 0.517715 3
0.207844 0.557561 2
0.426199 0.829939 2
0.394388 0.244327 0
0.326013 0.72936 2
0.638654 0.984845 3
0.338243 0.89756 2
0.136075 0.410788 0
0.00540855 0.783282 2
0.774386 0.293678 1
0.114668 0.865535 2
0.721006 0.0491625 1
0.449105 0.986467 2
0.707909 0.210883 1
0.473894 0.865181 2
0.0939195 0.0995593 0
0.382896 0.301763 0
0.65712 0.809095 3
0.131702 0.0515083 0
0.0534223 0.457716 0
0.780868 0.692076 3
0.44256 0.119111 0
0.589637 0.578635 3
0.529899 0.595045 3
0.361917 0.304285 0
0.888723 0.476585 1
0.16982 0.609729 2
0.525747 0.618925 3
0.596196 0.233656 1
0.829808 0.0700902 1
0.0988374 0.923728 2
0.16965 0.481733 0
0.225491 0.826769 2
0.290829 0.357193 0
0.878278 0.344251 1
0.814909 0.659146 3
0.0363274 0.257469 0
0.778257 0.625964 3
0.836104 0.308157 1
0.221009 0.198021 0
0.612442 0.109733 1
0.674605 0.782262 3
0.719462 0.200352 1
0.401188 0.315658 0
0.434009 0.230996 0
0.385748 0.532846 2
0.154724 0.555398 2
0.0145793 0.380215 0
0.382167 0.305408 0
0.737408 0.260445 1
0.649659 0.552316 3
0.919591 0.685986 3
0.809785 0.697848 3
0.31195 0.645889 2
0.00600477 0.53296 2
0.84391 0.618447 3
0.642693 0.518515 3
0.400709 0.362154 0
0.718867 0.801897 3
0.677812 0.152876 1
0.0328927 0.0635606 0
0.685722 0.187616 1
0.618958 0.700301 3
0.567831 0.00112548 1
0.00570914 0.305239 0
0.26157 0.655368 2
0.857555 0.181161 1
0.341354 0.667341 2
0.879009 0.653305 3
0.31323 0.885014 2
0.186265 0.157139 0
0.503461 0.828957 3
0.675654 0.90417 3
0.191112 0.394521 0
0.706067 0.868924 3
0.547397 0.738959 3
0.932485 0.233119 1
0.926576 0.551443 3
0.93342 0.494407 1
0.552568 0.939129 3
0.799646 0.814139 3
0.594497 0.657201 3
0.9953 0.935852 3
0.324541 0.874309 2
0.589157 0.637771 3
0.759324 0.775421 3
0.79491 0.262785 1
0.604379 0.470564 1
0.166955 0.79549 2
0.865086 0.873021 3
0.664414 0.412483 1
0.611981 0.596899 3
0.645601 0.538557 3
0.148342 0.579022 2
0.0329634 0.70091 2
0.518151 0.832609 3
0.515049 0.112648 1
0.48981 0.510349 2
0.0484997 0.814351 2
0.384658 0.637656 2
0.452122 0.143982 0
0.413078 0.247033 0
0.406767 0.0174566 0
0.717597 0.573721 3
0.812947 0.582682 3
0.446743 0.477361 0
0.995165 0.0587232 1
0.0742604 0.640766 2
0.59728 0.222602 1
0.219788 0.630243 2
0.923513 0.737939 3
0.462852 0.438562 0
0.850586 0.952662 3
0.948911 0.899086 3
0.767014 0.333569 1
0.536742 0.219136 1
0.477551 0.94982 2
0.466169 0.884318 2
0.967277 0.183765 1
0.458039 0.780224 2
0.766448 0.904782 3
0.257585 0.761612 2
0.963505 0.331846 1
0.402379 0.560785 2
0.554448 0.622167 3
0.191028 0.477961 0
0.360105 0.65388 2
0.916523 0.210692 1
0.606542 0.865434 3
0.109778 0.373556 0
0.199003 0.64652 2
0.592692 0.676554 3
0.596341 0.0588605 1
0.560872 0.563617 3
0.242626 0.0189108 0
0.343841 0.00907344 0
0.923692 0.601427 3
0.770686 0.887197 3
0.933273 0.173065 1
0.447982 0.487721 0
0.795231 0.639009 3
0.965682 0.155336 1
0.292889 0.882204 2
0.366028 0.899431 2
0.747638 0.475806 1
0.272987 0.94664 2
0.122326 0.865679 2
0.623194 0.718666 3
0.92454 0.184066 1
0.282284 0.167165 0
0.202977 0.626125 2
0.176239 0.126669 0
0.227552 0.946925 2
0.0138663 0.160824 0
0.119989 0.461848 0
0.648545 0.915221 3
0.100857 0.614227 2
0.070557 0.393746 0
0.496431 0.436585 0
0.293177 0.244069 0
0.912391 0.566164 3
0.190709 0.0347164 0
0.431844 0.813904 2
0.753383 0.356383 1
0.99797 0.0356664 1
0.523548 0.200947 1
0.661792 0.699787 3
0.327616 0.889343 2
0.646712 0.341482 1
0.0501679 0.766701 2
0.80333 0.698713 3
0.681922 0.904187 3
0.31294 0.752479 2
0.297933 0.809371 2
0.189064 0.591111 2
0.0534394 0.101454 0
0.157275 0.244149 0
0.136171 0.589119 2
0.0580523 0.889553 2
0.945502 0.0560222 1
0.92522 0.46905 1
0.256969 0.587011 2
0.168837 0.584585 2
0.476355 0.815549 2
0.926068 0.526523 3
0.58225 0.729398 3
0.225236 0.264172 0
0.633585 0.538175 3
0.0166506 0.931518 2
0.347546 0.205714 0
0.522629 0.400985 1
0.307168 0.679904 2
0.645134 0.443339 1
0.269022 0.703186 2
0.332892 0.214524 0
0.759208 0.258112 1
0.683574 0.0161775 1
0.845123 0.852411 3
0.600763 0.321478 1
0.66796 0.52683 3
0.848 0.25021 1
0.256228 0.0732357 0
0.514382 0.889813 3
0.611411 0.531033 3
0.821331 0.958957 3
0.736747 0.343959 1
0.359942 0.0439153 0
0.0238632 0.0050762 0
0.487254 0.292886 0
0.708262 0.820146 3
0.50741 0.467471 1
0.0782579 0.190984 0
0.483648 0.923381 2
0.0433947 0.084411 0
0.244858 0.711355 2
0.611241 0.0928584 1
0.961565 0.867469 3
0.166094 0.475947 0
0.757282 0.777505 3
0.00698012 0.578613 2
0.736462 0.743727 3
0.922572 0.0964041 1
0.787642 0.946435 3
0.10148 0.274897 0
0.239321 0.809743 2
0.0950427 0.74673 2
0.277214 0.173301 0
0.937714 0.760862 3
0.0966814 0.981109 2
0.845273 0.34154 1
0.692463 0.456514 1
0.434398 0.654029 2
0.323983 0.600492 2
0.129976 0.081265 0
0.377997 0.136956 0
0.659878 0.114459 1
0.880683 0.58245 3
0.210863 0.668326 2
0.528885 0.312343 1
0.943222 0.768206 3
0.122086 0.0382648 0
0.514936 0.3993 1
0.211565 0.45265 0
0.160162 0.308247 0
0.433758 0.00543489 0
0.649787 0.126222 1
0.461949 0.0841846 0
0.780251 0.785932 3
0.684677 0.910227 3
0.867197 0.0626739 1
0.0471826 0.527075 2
0.177133 0.927866 2
0.109525 0.387996 0
0.596191 0.638409 3
0.70034 0.539413 3
0.406615 0.822426 2
0.577678 0.921551 3
0.221726 0.789244 2
0.374201 0.381888 0
0.0974906 0.807959 2
0.387323 0.747277 2
0.934181 0.849272 3
0.831462 0.714432 3
0.635204 0.516139 3
0.624658 0.502401 3
0.578813 0.671841 3
0.0294762 0.755945 2
0.599707 0.139001 1
0.143942 0.195898 0
0.77741 0.844281 3
0.735311 0.184025 1
0.666707 0.31299 1
0.105576 0.888433 2
0.102233 0.479777 0
0.270321 0.199724 0
0.287736 0.657643 2
0.947001 0.221918 1
0.506915 0.778463 3
0.936349 0.142119 1
0.294601 0.561007 2
0.64452 0.873414 3
0.232848 0.673996 2
0.629359 0.832555 3
0.812997 0.773301 3
0.0284525 0.590407 2
0.617582 0.763764 3
0.774432 0.284289 1
0.0767534 0.880009 2
0.172722 0.178987 0
0.359786 0.443043 0
0.37871 0.647522 2
0.100686 0.325711 0
0.86944 0.6076 3
0.104174 0.805789 2
0.749719 0.398775 1
0.366796 0.394239 0
0.272189 0.599644 2
0.0682348 0.901549 2
0.432199 0.881232 2
0.67485 0.460652 1
0.471639 0.292432 0
0.224415 0.246071 0
0.576721 0.301169 1
0.12608 0.749443 2
0.480156 0.485866 0
0.192486 0.858866 2
0.133388 0.293171 0
0.184577 0.00282779 0
0.900772 0.288752 1
0.808617 0.650491 3
0.687527 0.175413 1
0.0447295 0.959716 2
0.775058 0.112964 1
0.861265 0.207257 1
0.994196 0.536115 3
0.667908 0.465835 1
0.828546 0.892324 3
0.711906 0.405267 1
0.193493 0.837986 2
0.154711 0.673648 2
0.323852 0.347196 0
0.532514 0.45724 1
0.640368 0.717092 3
0.460067 0.54114 2
0.00584319 0.268684 0
0.19163 0.69337 2
0.444097 0.23636 0
0.653087 0.219155 1
0.349324 0.514352 2
0.426412 0.34352 0
0.0504663 0.0943199 0
0.809355 0.879013 3
0.986644 0.521261 3
0.28428 0.180136 0
0.359247 0.43899 0
0.853785 0.683098 3
0.786187 0.386299 1
0.140338 0.426555 0
0.10339 0.600405 2
0.967694 0.109233 1
0.86909 0.159324 1
0.802604 0.313187 1
0.395684 0.45569 0
0.532342 0.745008 3
0.970042 0.958753 3
0.0885283 0.0205084 0
0.0530733 0.897883 2
0.899521 0.039717 1
0.419144 0.183801 0
0.219853 0.778391 2
0.622791 0.0736379 1
0.461489 0.408978 0
0.459937 0.601827 2
0.835533 0.563327 3
0.202232 0.803227 2
0.67256 0.071322 1
0.962551 0.475164 1
0.384509 0.358235 0
0.930854 0.916851 3
0.103244 0.900896 2
0.875604 0.191772 1
0.921405 0.928678 3
0.089655 0.820926 2
0.968395 0.508799 3
0.00472651 0.188248 0
0.287189 0.627518 2
0.261886 0.748678 2
0.0364959 0.721822 2
0.350505 0.872028 2
0.285149 0.552738 2
0.675255 0.957709 3
0.62406 0.637806 3
0.432873 0.00856861 0
0.996042 0.363727 1
0.92542 0.0992851 1
0.264624 0.801024 2
0.291057 0.186029 0
0.729702 0.380712 1
0.00695418 0.698096 2
0.889511 0.0116807 1
0.886344 0.1767 1
0.639199 0.14823 1
0.925379 0.675694 3
0.870053 0.275884 1
0.547723 0.155202 1
0.828622 0.222978 1
0.112911 0.452681 0
0.860784 0.545784 3
0.46125 0.856826 2
0.909512 0.386669 1
0.956111 0.174136 1
0.187693 0.247168 0
0.360164 0.917395 2
0.62788 0.367118 1
0.615491 0.517391 3
0.378799 0.501835 2
0.694091 0.0179977 1
0.650066 0.61947 3
0.693692 0.520118 3
0.895354 0.241415 1
0.67532 0.723975 3
0.464393 0.788231 2
0.176656 0.325177 0
0.334016 0.637906 2
0.182003 0.243528 0
0.0245755 0.138114 0
0.417663 0.212269 0
0.385282 0.777828 2
0.129663 0.0131615 0
0.144946 0.745154 2
0.530552 0.523745 3
0.24699 0.224643 0
0.541743 0.897055 3
0.844113 0.235435 1
0.417174 0.739467 2
0.47685 0.0924937 0
0.463442 0.941243 2
0.880725 0.640098 3
0.26642 0.214741 0
0.278005 0.448423 0
0.458269 0.30258 0
0.586537 0.875932 3
0.514849 0.971818 3
0.65376 0.644512 3
0.98498 0.798706 3
0.389667 0.515532 2
0.322451 0.636656 2
0.740175 0.864194 3
0.533712 0.584288 3
0.0996293 0.950885 2
0.323755 0.576479 2
0.043379 0.787197 2
0.517722 0.924104 3
0.427295 0.784142 2
0.138845 0.7053 2
0.232565 0.597114 2
0.00788008 0.819102 2
0.473045 0.522729 2
0.79092 0.126805 1
0.167241 0.775899 2
0.925511 0.556908 3
0.291431 0.247962 0
0.193564 0.0316064 0
0.112157 0.727276 2
0.615894 0.211786 1
0.678161 0.939649 3
0.788265 0.72154 3
0.726846 0.305987 1
0.645644 0.154141 1
0.0901297 0.784489 2
0.859441 0.322695 1
0.381603 0.867321 2
0.141796 0.854648 2
0.39005 0.932716 2
0.981453 0.557291 3
0.708616 0.906964 3
0.114199 4.68777e-05 0
0.154927 0.307763 0
0.0316532 0.267083 0
0.0350389 0.647548 2
0.478869 0.7132 2
0.587197 0.267134 1
0.43474 0.314043 0
0.573122 0.080384 1
0.468185 0.663252 2
0.864873 0.327626 1
0.985946 0.246476 1
0.194948 0.127743 0
0.101124 0.584998 2
0.0604589 0.082577 0
0.142289 0.769074 2
0.989541 0.256489 1
0.769121 0.144468 1
0.564252 0.800775 3
0.411551 0.599291 2
0.448322 0.89042 2
0.312491 0.0355193 0
0.157555 0.747231 2
0.349562 0.730677 2
0.827615 0.817747 3
0.393928 0.692488 2
0.145373 0.379874 0
0.938963 0.340321 1
0.507617 0.0400871 1
0.925318 0.568076 3
0.122664 0.0676078 0
0.33715 0.112205 0
0.324096 0.106272 0
0.256673 0.888348 2
0.907046 0.668224 3
0.487639 0.355369 0
0.558645 0.800129 3
0.390888 0.716199 2
0.54736 0.74045 3
0.446876 0.374975 0
0.558198 0.840804 3
0.0674623 0.703571 2
0.220679 0.0064256 0
0.0438913 0.728296 2
0.0465127 0.96921 2
0.296372 0.169177 0
0.0368176 0.633522 2
0.281382 0.360914 0
0.739794 0.538055 3
0.249262 0.64684 2
0.20628 0.736901 2
0.00220922 0.764925 2
0.53703 0.393097 1
0.481124 0.0843902 0
0.133548 0.928 2
0.459365 0.691745 2
0.768804 0.526827 3
0.395316 0.989483 2
0.533253 0.439207 1
0.717778 0.579765 3
0.408417 0.0141502 0
0.748942 0.445235 1
0.647672 0.030324 1
0.806149 0.387466 1
0.568379 0.0554106 1
0.0343068 0.774659 2
0.792311 0.036516 1
0.539584 0.329342 1
0.429613 0.0207081 0
0.413732 0.563161 2
0.948708 0.873097 3
0.254906 0.717512 2
0.399924 0.650222 2
0.706995 0.933176 3
0.0894297 0.424774 0
0.512941 0.497847 1
0.438924 0.261883 0
0.943081 0.0865962 1
0.292207 0.74923 2
0.474063 0.860587 2
0.804641 0.508369 3
0.635246 0.596952 3
0.544885 0.17483 1
0.926294 0.974499 3
0.195538 0.340026 0
0.53766 0.144246 1
0.213122 0.792566 2
0.861759 0.613046 3
0.442789 0.568754 2
0.546222 0.532218 3
0.993528 0.0591633 1
0.0300651 0.432452 0
0.321047 0.973147 2
0.519048 0.613254 3
0.722377 0.99311 3
0.473841 0.527017 2
0.50148 0.109087 1
0.123969 0.0463652 0
0.283917 0.0502633 0
0.0208639 0.479455 0
0.390289 0.558524 2
0.623701 0.603411 3
0.35109 0.48546 0
0.216457 0.793879 2
0.054214 0.762679 2
0.326097 0.0477418 0
0.821842 0.356162 1
0.480193 0.142889 0
0.329309 0.999241 2
0.756143 0.0516852 1
0.992352 0.229984 1
0.578702 0.493831 1
0.339071 0.702672 2
0.540197 0.622988 3
0.752935 0.56106 3
0.102443 0.143224 0
0.119584 0.726144 2
0.746635 0.470674 1
0.211604 0.963092 2
0.264553 0.265818 0
0.725771 0.590649 3
0.31356 0.547613 2
0.946811 0.793753 3
0.690502 0.27612 1
0.792995 0.446645 1
0.327805 0.785346 2
0.676628 0.906508 3
0.279178 0.0156992 0
0.609179 0.819374 3
0.638687 0.362115 1
0.380434 0.74113 2
0.505339 0.500019 3
0.467274 0.251974 0
0.970693 0.678878 3
0.215066 0.235245 0
0.944697 0.940837 3
0.825895 0.258257 1
0.48845 0.772706 2
0.0520103 0.178952 0
0.0488258 0.845005 2
0.625596 0.376631 1
0.630351 0.302225 1
0.283138 0.909529 2
0.317924 0.892318 2
0.728903 0.956611 3
0.254432 0.109337 0
0.697741 0.759771 3
0.609356 0.165015 1
0.0117453 0.580048 2
0.843894 0.226811 1
0.815294 0.78859 3
0.167648 0.641188 2
0.0468473 0.656098 2
0.413894 0.0988576 0
0.83505 0.46272 1
0.943863 0.460646 1
0.839351 0.574214 3
0.762871 0.122489 1
0.483742 0.0807953 0
0.0148069 0.212645 0
0.0374063 0.269239 0
0.321982 0.735147 2
0.0290106 0.931338 2
0.900163 0.0407559 1
0.511386 0.744056 3
0.267567 0.32668 0
0.532647 0.435216 1
0.967868 0.579494 3
0.0913142 0.381762 0
0.678351 0.926364 3
0.844482 0.622214 3
0.387011 0.683833 2
0.196428 0.149882 0
0.806322 0.68017 3
0.230677 0.821129 2
0.892815 0.268084 1
0.0903681 0.214797 0
0.00323105 0.119379 0
0.146135 0.903394 2
0.160135 0.657522 2
0.64745 0.427702 1
0.984202 0.180096 1
0.862918 0.95207 3
0.75959 0.954232 3
0.333832 0.437942 0
0.880596 0.178314 1
0.0601557 0.267607 0
0.862147 0.256583 1
0.417489 0.668469 2
0.936754 0.648167 3
0.489597 0.829569 2
0.91625 0.579965 3
0.0443661 0.919481 2
0.699344 0.190501 1
0.822875 0.859479 3
0.848023 0.470325 1
0.287181 0.832225 2
0.650421 0.150099 1
0.784295 0.410011 1
0.104331 0.118126 0
0.847953 0.984927 3
0.29644 0.908109 2
0.252535 0.158587 0
0.164692 0.670024 2
0.827056 0.101446 1
0.318191 0.316653 0
0.931014 0.234441 1
0.896618 0.97538 3
0.153923 0.595963 2
0.165882 0.976798 2
0.455442 0.0139049 0
0.447123 0.742623 2
0.84613 0.0975437 1
0.892721 0.630424 3
0.507555 0.997052 3
0.748551 0.355508 1
0.98198 0.044991 1
0.263617 0.234514 0
0.203578 0.428309 0
0.904539 0.0306337 1
0.529754 0.222729 1
0.347287 0.460768 0
0.457171 0.243905 0
0.436149 0.611093 2
0.839868 0.60203 3
0.587891 0.295309 1
0.615935 0.0350138 1
0.037932 0.462065 0
0.132558 0.930653 2
0.0924893 0.640113 2
0.927706 0.84104 3
0.99562 0.909686 3
0.886031 0.259237 1
0.1442 0.089609 0
0.687546 0.0487385 1
0.120243 0.2173 0
0.271468 0.467529 0
0.678068 0.728638 3
0.711434 0.114216 1
0.339732 0.551302 2
0.716247 0.927623 3
0.846611 0.332182 1
0.962637 0.884543 3
0.794247 0.0951945 1
0.815197 0.886736 3
0.735307 0.742903 3
0.727776 0.730928 3
0.652588 0.613807 3
0.990165 0.796788 3
0.703416 0.67771 3
0.845527 0.823659 3
0.89501 0.116995 1
0.291188 0.573077 2
0.845633 0.00262258 1
0.687294 0.185365 1
0.553925 0.403541 1
0.112988 0.400536 0
0.735723 0.0756249 1
0.28508 0.52997 2
0.170819 0.100276 0
0.416706 0.906126 2
0.843179 0.144482 1
0.637054 0.495767 1
0.75829 0.627219 3
0.292555 0.461706 0
0.304929 0.138082 0
0.285365 0.199938 0
0.255076 0.576553 2
0.773016 0.100709 1
0.579176 0.460309 1
0.286074 0.1331 0
0.86385 0.399062 1
0.533636 0.599573 3
0.474687 0.818716 2
0.129542 0.645506 2
0.918992 0.546248 3
0.551633 0.762171 3
0.690731 0.188687 1
0.257939 0.44902 0
0.815905 0.550494 3
0.910726 0.120834 1
0.688576 0.196091 1
0.320772 0.943652 2
0.772644 0.0937877 1
0.0443619 0.351819 0
0.554097 0.330436 1
0.484919 0.417947 0
0.729499 0.0185558 1
0.0175198 0.204186 0
0.837272 0.147062 1
0.849692 0.756264 3
0.693311 0.401325 1
0.518436 0.384041 1
0.590012 0.776374 3
0.833062 0.405917 1
0.326868 0.743788 2
0.526751 0.0154439 1
0.939879 0.847523 3
0.959096 0.712522 3
0.941311 0.00345808 1
0.0643416 0.495408 0
0.333894 0.549261 2
0.913355 0.0633928 1
0.567817 0.930875 3
0.267578 0.405089 0
0.0779371 0.117271 0
0.161353 0.771248 2
0.518596 0.679788 3
0.155289 0.108608 0
0.456162 0.988351 2
0.514525 0.78303 3
0.732138 0.041276 1
0.798474 0.672017 3
0.888799 0.757571 3
0.384539 0.83011 2
0.761029 0.448881 1
0.325518 0.094923 0
0.998142 0.238873 1
0.158316 0.565959 2
0.169748 0.425894 0
0.971047 0.247685 1
0.543165 0.1324 1
0.0189329 0.0617606 0
0.812189 0.174222 1
0.170368 0.268351 0
0.162572 0.684893 2
0.0513816 0.894711 2
0.726169 0.849856 3
0.566728 0.614968 3
0.607427 0.951267 3
0.445079 0.368455 0
0.400148 0.770597 2
0.463378 0.39829 0
0.00947013 0.621694 2
0.964248 0.179218 1
0.0475882 0.935296 2
0.426904 0.590753 2
0.067696 0.445836 0
0.652514 0.879885 3
0.620058 0.822882 3
0.148236 0.782631 2
0.507775 0.199617 1
0.677342 0.233944 1
0.0494732 0.244069 0
0.848912 0.6569 3
0.195336 0.293991 0
0.0253549 0.595484 2
0.0645876 0.488733 0
0.993774 0.0740577 1
0.110427 0.958022 2
0.253276 0.158015 0
0.893318 0.68018 3
0.748768 0.961014 3
0.126016 0.401282 0
0.840899 0.746075 3
0.224164 0.989134 2
0.528705 0.731938 3
0.188752 0.206047 0
0.965882 0.238225 1
0.450117 0.814794 2
0.895125 0.645453 3
0.108785 0.920479 2
0.240937 0.173373 0
0.409213 0.234711 0
0.247431 0.51964 2
0.192734 0.500707 2
0.677655 0.0860517 1
0.180886 0.426423 0
0.0470658 0.306902 0
0.827705 0.887965 3
0.0529768 0.0518689 0
0.877099 0.581682 3
0.783807 0.0658506 1
0.787729 0.74969 3
0.304075 0.237846 0
0.564484 0.1992 1
0.883299 0.673269 3
0.119679 0.124236 0
0.846642 0.528892 3
0.358948 0.0940727 0
0.0485317 0.551681 2
0.594779 0.726187 3
0.637733 0.775665 3
0.15261 0.684799 2
0.0825677 0.980315 2
0.572763 0.135545 1
0.0321839 0.449862 0
0.717227 0.815991 3
0.515713 0.504956 3
0.565681 0.819788 3
0.742802 0.130165 1
0.0189879 0.626101 2
0.803434 0.138667 1
0.750337 0.650077 3
0.667559 0.109285 1
