0 0 0 0 0 0 0 0 0 0 0 0 0 0 0 0 0 
1 0 0 2 0 0 0 0 0 1 0 0 1 0 1 0 0 
2 0 0 0 0 0 0 1 0 0 0 1 0 6 0 0 0 
3 1 0 3 3 7 0 1 2 0 3 1 3 16 3 5 2 
4 2 9 7 7 11 2 7 1 11 8 9 2 31 5 14 6 
5 14 18 19 19 26 20 19 10 17 19 16 3 37 15 29 16 
6 17 28 33 59 59 39 41 35 49 56 29 27 88 58 58 37 
7 57 93 66 75 97 87 78 79 86 85 96 60 106 86 111 74 
8 99 136 138 125 162 136 139 114 193 152 176 124 174 156 168 129 
9 136 139 125 125 162 179 183 163 207 169 190 166 155 180 184 116 
10 107 92 109 86 149 141 118 105 128 145 134 116 115 132 122 87 
11 68 67 66 78 102 82 66 76 70 61 60 63 71 60 71 65 
12 27 38 35 33 35 17 38 28 24 38 30 25 38 34 36 31 
13 15 11 13 20 18 19 15 6 13 16 12 8 11 9 19 13 
14 5 3 4 5 0 9 6 3 3 8 4 6 3 9 4 3 
