area1	area2	contact
0	0	1
0	1	0.367879
0	2	0.135335
0	3	0.0497871
0	4	0.0183156
0	5	0.00673795
0	6	0.00247875
0	7	0.000911882
0	8	0.000335463
0	9	0.00012341
0	10	0.367879
0	11	0.243117
0	12	0.106878
0	13	0.0423292
0	14	0.0161941
0	15	0.00610273
0	16	0.00228186
0	17	0.000849326
0	18	0.000315214
0	19	0.000116761
0	20	0.135335
0	21	0.106878
0	22	0.0591057
0	23	0.0271725
0	24	0.0114229
0	25	0.00458408
0	26	0.00179176
0	27	0.00068911
0	28	0.00026225
0	29	9.90838e-005
0	30	0.0497871
0	31	0.0423292
0	32	0.0271725
0	33	0.0143696
0	34	0.00673795
0	35	0.00293528
0	36	0.00122085
0	37	0.00049262
0	38	0.000194709
0	39	7.58439e-005
0	40	0.0183156
0	41	0.0161941
0	42	0.0114229
0	43	0.00673795
0	44	0.00349349
0	45	0.00165637
0	46	0.000738343
0	47	0.000315214
0	48	0.000130482
0	49	5.28075e-005
0	50	0.00673795
0	51	0.00610273
0	52	0.00458408
0	53	0.00293528
0	54	0.00165637
0	55	0.000849326
0	56	0.000405557
0	57	0.000183678
0	58	7.99602e-005
0	59	3.37804e-005
0	60	0.00247875
0	61	0.00228186
0	62	0.00179176
0	63	0.00122085
0	64	0.000738343
0	65	0.000405557
0	66	0.000206485
0	67	9.90838e-005
0	68	4.53999e-005
0	69	2.00626e-005
0	70	0.000911882
0	71	0.000849326
0	72	0.00068911
0	73	0.00049262
0	74	0.000315214
0	75	0.000183678
0	76	9.90838e-005
0	77	5.02e-005
0	78	2.41761e-005
0	79	1.11759e-005
0	80	0.000335463
0	81	0.000315214
0	82	0.00026225
0	83	0.000194709
0	84	0.000130482
0	85	7.99602e-005
0	86	4.53999e-005
0	87	2.41761e-005
0	88	1.22045e-005
0	89	5.89389e-006
0	90	0.00012341
0	91	0.000116761
0	92	9.90838e-005
0	93	7.58439e-005
0	94	5.28075e-005
0	95	3.37804e-005
0	96	2.00626e-005
0	97	1.11759e-005
0	98	5.89389e-006
0	99	2.96711e-006
1	1	1
1	2	0.367879
1	3	0.135335
1	4	0.0497871
1	5	0.0183156
1	6	0.00673795
1	7	0.00247875
1	8	0.000911882
1	9	0.000335463
1	10	0.243117
1	11	0.367879
1	12	0.243117
1	13	0.106878
1	14	0.0423292
1	15	0.0161941
1	16	0.00610273
1	17	0.00228186
1	18	0.000849326
1	19	0.000315214
1	20	0.106878
1	21	0.135335
1	22	0.106878
1	23	0.0591057
1	24	0.0271725
1	25	0.0114229
1	26	0.00458408
1	27	0.00179176
1	28	0.00068911
1	29	0.00026225
1	30	0.0423292
1	31	0.0497871
1	32	0.0423292
1	33	0.0271725
1	34	0.0143696
1	35	0.00673795
1	36	0.00293528
1	37	0.00122085
1	38	0.00049262
1	39	0.000194709
1	40	0.0161941
1	41	0.0183156
1	42	0.0161941
1	43	0.0114229
1	44	0.00673795
1	45	0.00349349
1	46	0.00165637
1	47	0.000738343
1	48	0.000315214
1	49	0.000130482
1	50	0.00610273
1	51	0.00673795
1	52	0.00610273
1	53	0.00458408
1	54	0.00293528
1	55	0.00165637
1	56	0.000849326
1	57	0.000405557
1	58	0.000183678
1	59	7.99602e-005
1	60	0.00228186
1	61	0.00247875
1	62	0.00228186
1	63	0.00179176
1	64	0.00122085
1	65	0.000738343
1	66	0.000405557
1	67	0.000206485
1	68	9.90838e-005
1	69	4.53999e-005
1	70	0.000849326
1	71	0.000911882
1	72	0.000849326
1	73	0.00068911
1	74	0.00049262
1	75	0.000315214
1	76	0.000183678
1	77	9.90838e-005
1	78	5.02e-005
1	79	2.41761e-005
1	80	0.000315214
1	81	0.000335463
1	82	0.000315214
1	83	0.00026225
1	84	0.000194709
1	85	0.000130482
1	86	7.99602e-005
1	87	4.53999e-005
1	88	2.41761e-005
1	89	1.22045e-005
1	90	0.000116761
1	91	0.00012341
1	92	0.000116761
1	93	9.90838e-005
1	94	7.58439e-005
1	95	5.28075e-005
1	96	3.37804e-005
1	97	2.00626e-005
1	98	1.11759e-005
1	99	5.89389e-006
2	2	1
2	3	0.367879
2	4	0.135335
2	5	0.0497871
2	6	0.0183156
2	7	0.00673795
2	8	0.00247875
2	9	0.000911882
2	10	0.106878
2	11	0.243117
2	12	0.367879
2	13	0.243117
2	14	0.106878
2	15	0.0423292
2	16	0.0161941
2	17	0.00610273
2	18	0.00228186
2	19	0.000849326
2	20	0.0591057
2	21	0.106878
2	22	0.135335
2	23	0.106878
2	24	0.0591057
2	25	0.0271725
2	26	0.0114229
2	27	0.00458408
2	28	0.00179176
2	29	0.00068911
2	30	0.0271725
2	31	0.0423292
2	32	0.0497871
2	33	0.0423292
2	34	0.0271725
2	35	0.0143696
2	36	0.00673795
2	37	0.00293528
2	38	0.00122085
2	39	0.00049262
2	40	0.0114229
2	41	0.0161941
2	42	0.0183156
2	43	0.0161941
2	44	0.0114229
2	45	0.00673795
2	46	0.00349349
2	47	0.00165637
2	48	0.000738343
2	49	0.000315214
2	50	0.00458408
2	51	0.00610273
2	52	0.00673795
2	53	0.00610273
2	54	0.00458408
2	55	0.00293528
2	56	0.00165637
2	57	0.000849326
2	58	0.000405557
2	59	0.000183678
2	60	0.00179176
2	61	0.00228186
2	62	0.00247875
2	63	0.00228186
2	64	0.00179176
2	65	0.00122085
2	66	0.000738343
2	67	0.000405557
2	68	0.000206485
2	69	9.90838e-005
2	70	0.00068911
2	71	0.000849326
2	72	0.000911882
2	73	0.000849326
2	74	0.00068911
2	75	0.00049262
2	76	0.000315214
2	77	0.000183678
2	78	9.90838e-005
2	79	5.02e-005
2	80	0.00026225
2	81	0.000315214
2	82	0.000335463
2	83	0.000315214
2	84	0.00026225
2	85	0.000194709
2	86	0.000130482
2	87	7.99602e-005
2	88	4.53999e-005
2	89	2.41761e-005
2	90	9.90838e-005
2	91	0.000116761
2	92	0.00012341
2	93	0.000116761
2	94	9.90838e-005
2	95	7.58439e-005
2	96	5.28075e-005
2	97	3.37804e-005
2	98	2.00626e-005
2	99	1.11759e-005
3	3	1
3	4	0.367879
3	5	0.135335
3	6	0.0497871
3	7	0.0183156
3	8	0.00673795
3	9	0.00247875
3	10	0.0423292
3	11	0.106878
3	12	0.243117
3	13	0.367879
3	14	0.243117
3	15	0.106878
3	16	0.0423292
3	17	0.0161941
3	18	0.00610273
3	19	0.00228186
3	20	0.0271725
3	21	0.0591057
3	22	0.106878
3	23	0.135335
3	24	0.106878
3	25	0.0591057
3	26	0.0271725
3	27	0.0114229
3	28	0.00458408
3	29	0.00179176
3	30	0.0143696
3	31	0.0271725
3	32	0.0423292
3	33	0.0497871
3	34	0.0423292
3	35	0.0271725
3	36	0.0143696
3	37	0.00673795
3	38	0.00293528
3	39	0.00122085
3	40	0.00673795
3	41	0.0114229
3	42	0.0161941
3	43	0.0183156
3	44	0.0161941
3	45	0.0114229
3	46	0.00673795
3	47	0.00349349
3	48	0.00165637
3	49	0.000738343
3	50	0.00293528
3	51	0.00458408
3	52	0.00610273
3	53	0.00673795
3	54	0.00610273
3	55	0.00458408
3	56	0.00293528
3	57	0.00165637
3	58	0.000849326
3	59	0.000405557
3	60	0.00122085
3	61	0.00179176
3	62	0.00228186
3	63	0.00247875
3	64	0.00228186
3	65	0.00179176
3	66	0.00122085
3	67	0.000738343
3	68	0.000405557
3	69	0.000206485
3	70	0.00049262
3	71	0.00068911
3	72	0.000849326
3	73	0.000911882
3	74	0.000849326
3	75	0.00068911
3	76	0.00049262
3	77	0.000315214
3	78	0.000183678
3	79	9.90838e-005
3	80	0.000194709
3	81	0.00026225
3	82	0.000315214
3	83	0.000335463
3	84	0.000315214
3	85	0.00026225
3	86	0.000194709
3	87	0.000130482
3	88	7.99602e-005
3	89	4.53999e-005
3	90	7.58439e-005
3	91	9.90838e-005
3	92	0.000116761
3	93	0.00012341
3	94	0.000116761
3	95	9.90838e-005
3	96	7.58439e-005
3	97	5.28075e-005
3	98	3.37804e-005
3	99	2.00626e-005
4	4	1
4	5	0.367879
4	6	0.135335
4	7	0.0497871
4	8	0.0183156
4	9	0.00673795
4	10	0.0161941
4	11	0.0423292
4	12	0.106878
4	13	0.243117
4	14	0.367879
4	15	0.243117
4	16	0.106878
4	17	0.0423292
4	18	0.0161941
4	19	0.00610273
4	20	0.0114229
4	21	0.0271725
4	22	0.0591057
4	23	0.106878
4	24	0.135335
4	25	0.106878
4	26	0.0591057
4	27	0.0271725
4	28	0.0114229
4	29	0.00458408
4	30	0.00673795
4	31	0.0143696
4	32	0.0271725
4	33	0.0423292
4	34	0.0497871
4	35	0.0423292
4	36	0.0271725
4	37	0.0143696
4	38	0.00673795
4	39	0.00293528
4	40	0.00349349
4	41	0.00673795
4	42	0.0114229
4	43	0.0161941
4	44	0.0183156
4	45	0.0161941
4	46	0.0114229
4	47	0.00673795
4	48	0.00349349
4	49	0.00165637
4	50	0.00165637
4	51	0.00293528
4	52	0.00458408
4	53	0.00610273
4	54	0.00673795
4	55	0.00610273
4	56	0.00458408
4	57	0.00293528
4	58	0.00165637
4	59	0.000849326
4	60	0.000738343
4	61	0.00122085
4	62	0.00179176
4	63	0.00228186
4	64	0.00247875
4	65	0.00228186
4	66	0.00179176
4	67	0.00122085
4	68	0.000738343
4	69	0.000405557
4	70	0.000315214
4	71	0.00049262
4	72	0.00068911
4	73	0.000849326
4	74	0.000911882
4	75	0.000849326
4	76	0.00068911
4	77	0.00049262
4	78	0.000315214
4	79	0.000183678
4	80	0.000130482
4	81	0.000194709
4	82	0.00026225
4	83	0.000315214
4	84	0.000335463
4	85	0.000315214
4	86	0.00026225
4	87	0.000194709
4	88	0.000130482
4	89	7.99602e-005
4	90	5.28075e-005
4	91	7.58439e-005
4	92	9.90838e-005
4	93	0.000116761
4	94	0.00012341
4	95	0.000116761
4	96	9.90838e-005
4	97	7.58439e-005
4	98	5.28075e-005
4	99	3.37804e-005
5	5	1
5	6	0.367879
5	7	0.135335
5	8	0.0497871
5	9	0.0183156
5	10	0.00610273
5	11	0.0161941
5	12	0.0423292
5	13	0.106878
5	14	0.243117
5	15	0.367879
5	16	0.243117
5	17	0.106878
5	18	0.0423292
5	19	0.0161941
5	20	0.00458408
5	21	0.0114229
5	22	0.0271725
5	23	0.0591057
5	24	0.106878
5	25	0.135335
5	26	0.106878
5	27	0.0591057
5	28	0.0271725
5	29	0.0114229
5	30	0.00293528
5	31	0.00673795
5	32	0.0143696
5	33	0.0271725
5	34	0.0423292
5	35	0.0497871
5	36	0.0423292
5	37	0.0271725
5	38	0.0143696
5	39	0.00673795
5	40	0.00165637
5	41	0.00349349
5	42	0.00673795
5	43	0.0114229
5	44	0.0161941
5	45	0.0183156
5	46	0.0161941
5	47	0.0114229
5	48	0.00673795
5	49	0.00349349
5	50	0.000849326
5	51	0.00165637
5	52	0.00293528
5	53	0.00458408
5	54	0.00610273
5	55	0.00673795
5	56	0.00610273
5	57	0.00458408
5	58	0.00293528
5	59	0.00165637
5	60	0.000405557
5	61	0.000738343
5	62	0.00122085
5	63	0.00179176
5	64	0.00228186
5	65	0.00247875
5	66	0.00228186
5	67	0.00179176
5	68	0.00122085
5	69	0.000738343
5	70	0.000183678
5	71	0.000315214
5	72	0.00049262
5	73	0.00068911
5	74	0.000849326
5	75	0.000911882
5	76	0.000849326
5	77	0.00068911
5	78	0.00049262
5	79	0.000315214
5	80	7.99602e-005
5	81	0.000130482
5	82	0.000194709
5	83	0.00026225
5	84	0.000315214
5	85	0.000335463
5	86	0.000315214
5	87	0.00026225
5	88	0.000194709
5	89	0.000130482
5	90	3.37804e-005
5	91	5.28075e-005
5	92	7.58439e-005
5	93	9.90838e-005
5	94	0.000116761
5	95	0.00012341
5	96	0.000116761
5	97	9.90838e-005
5	98	7.58439e-005
5	99	5.28075e-005
6	6	1
6	7	0.367879
6	8	0.135335
6	9	0.0497871
6	10	0.00228186
6	11	0.00610273
6	12	0.0161941
6	13	0.0423292
6	14	0.106878
6	15	0.243117
6	16	0.367879
6	17	0.243117
6	18	0.106878
6	19	0.0423292
6	20	0.00179176
6	21	0.00458408
6	22	0.0114229
6	23	0.0271725
6	24	0.0591057
6	25	0.106878
6	26	0.135335
6	27	0.106878
6	28	0.0591057
6	29	0.0271725
6	30	0.00122085
6	31	0.00293528
6	32	0.00673795
6	33	0.0143696
6	34	0.0271725
6	35	0.0423292
6	36	0.0497871
6	37	0.0423292
6	38	0.0271725
6	39	0.0143696
6	40	0.000738343
6	41	0.00165637
6	42	0.00349349
6	43	0.00673795
6	44	0.0114229
6	45	0.0161941
6	46	0.0183156
6	47	0.0161941
6	48	0.0114229
6	49	0.00673795
6	50	0.000405557
6	51	0.000849326
6	52	0.00165637
6	53	0.00293528
6	54	0.00458408
6	55	0.00610273
6	56	0.00673795
6	57	0.00610273
6	58	0.00458408
6	59	0.00293528
6	60	0.000206485
6	61	0.000405557
6	62	0.000738343
6	63	0.00122085
6	64	0.00179176
6	65	0.00228186
6	66	0.00247875
6	67	0.00228186
6	68	0.00179176
6	69	0.00122085
6	70	9.90838e-005
6	71	0.000183678
6	72	0.000315214
6	73	0.00049262
6	74	0.00068911
6	75	0.000849326
6	76	0.000911882
6	77	0.000849326
6	78	0.00068911
6	79	0.00049262
6	80	4.53999e-005
6	81	7.99602e-005
6	82	0.000130482
6	83	0.000194709
6	84	0.00026225
6	85	0.000315214
6	86	0.000335463
6	87	0.000315214
6	88	0.00026225
6	89	0.000194709
6	90	2.00626e-005
6	91	3.37804e-005
6	92	5.28075e-005
6	93	7.58439e-005
6	94	9.90838e-005
6	95	0.000116761
6	96	0.00012341
6	97	0.000116761
6	98	9.90838e-005
6	99	7.58439e-005
7	7	1
7	8	0.367879
7	9	0.135335
7	10	0.000849326
7	11	0.00228186
7	12	0.00610273
7	13	0.0161941
7	14	0.0423292
7	15	0.106878
7	16	0.243117
7	17	0.367879
7	18	0.243117
7	19	0.106878
7	20	0.00068911
7	21	0.00179176
7	22	0.00458408
7	23	0.0114229
7	24	0.0271725
7	25	0.0591057
7	26	0.106878
7	27	0.135335
7	28	0.106878
7	29	0.0591057
7	30	0.00049262
7	31	0.00122085
7	32	0.00293528
7	33	0.00673795
7	34	0.0143696
7	35	0.0271725
7	36	0.0423292
7	37	0.0497871
7	38	0.0423292
7	39	0.0271725
7	40	0.000315214
7	41	0.000738343
7	42	0.00165637
7	43	0.00349349
7	44	0.00673795
7	45	0.0114229
7	46	0.0161941
7	47	0.0183156
7	48	0.0161941
7	49	0.0114229
7	50	0.000183678
7	51	0.000405557
7	52	0.000849326
7	53	0.00165637
7	54	0.00293528
7	55	0.00458408
7	56	0.00610273
7	57	0.00673795
7	58	0.00610273
7	59	0.00458408
7	60	9.90838e-005
7	61	0.000206485
7	62	0.000405557
7	63	0.000738343
7	64	0.00122085
7	65	0.00179176
7	66	0.00228186
7	67	0.00247875
7	68	0.00228186
7	69	0.00179176
7	70	5.02e-005
7	71	9.90838e-005
7	72	0.000183678
7	73	0.000315214
7	74	0.00049262
7	75	0.00068911
7	76	0.000849326
7	77	0.000911882
7	78	0.000849326
7	79	0.00068911
7	80	2.41761e-005
7	81	4.53999e-005
7	82	7.99602e-005
7	83	0.000130482
7	84	0.000194709
7	85	0.00026225
7	86	0.000315214
7	87	0.000335463
7	88	0.000315214
7	89	0.00026225
7	90	1.11759e-005
7	91	2.00626e-005
7	92	3.37804e-005
7	93	5.28075e-005
7	94	7.58439e-005
7	95	9.90838e-005
7	96	0.000116761
7	97	0.00012341
7	98	0.000116761
7	99	9.90838e-005
8	8	1
8	9	0.367879
8	10	0.000315214
8	11	0.000849326
8	12	0.00228186
8	13	0.00610273
8	14	0.0161941
8	15	0.0423292
8	16	0.106878
8	17	0.243117
8	18	0.367879
8	19	0.243117
8	20	0.00026225
8	21	0.00068911
8	22	0.00179176
8	23	0.00458408
8	24	0.0114229
8	25	0.0271725
8	26	0.0591057
8	27	0.106878
8	28	0.135335
8	29	0.106878
8	30	0.000194709
8	31	0.00049262
8	32	0.00122085
8	33	0.00293528
8	34	0.00673795
8	35	0.0143696
8	36	0.0271725
8	37	0.0423292
8	38	0.0497871
8	39	0.0423292
8	40	0.000130482
8	41	0.000315214
8	42	0.000738343
8	43	0.00165637
8	44	0.00349349
8	45	0.00673795
8	46	0.0114229
8	47	0.0161941
8	48	0.0183156
8	49	0.0161941
8	50	7.99602e-005
8	51	0.000183678
8	52	0.000405557
8	53	0.000849326
8	54	0.00165637
8	55	0.00293528
8	56	0.00458408
8	57	0.00610273
8	58	0.00673795
8	59	0.00610273
8	60	4.53999e-005
8	61	9.90838e-005
8	62	0.000206485
8	63	0.000405557
8	64	0.000738343
8	65	0.00122085
8	66	0.00179176
8	67	0.00228186
8	68	0.00247875
8	69	0.00228186
8	70	2.41761e-005
8	71	5.02e-005
8	72	9.90838e-005
8	73	0.000183678
8	74	0.000315214
8	75	0.00049262
8	76	0.00068911
8	77	0.000849326
8	78	0.000911882
8	79	0.000849326
8	80	1.22045e-005
8	81	2.41761e-005
8	82	4.53999e-005
8	83	7.99602e-005
8	84	0.000130482
8	85	0.000194709
8	86	0.00026225
8	87	0.000315214
8	88	0.000335463
8	89	0.000315214
8	90	5.89389e-006
8	91	1.11759e-005
8	92	2.00626e-005
8	93	3.37804e-005
8	94	5.28075e-005
8	95	7.58439e-005
8	96	9.90838e-005
8	97	0.000116761
8	98	0.00012341
8	99	0.000116761
9	9	1
9	10	0.000116761
9	11	0.000315214
9	12	0.000849326
9	13	0.00228186
9	14	0.00610273
9	15	0.0161941
9	16	0.0423292
9	17	0.106878
9	18	0.243117
9	19	0.367879
9	20	9.90838e-005
9	21	0.00026225
9	22	0.00068911
9	23	0.00179176
9	24	0.00458408
9	25	0.0114229
9	26	0.0271725
9	27	0.0591057
9	28	0.106878
9	29	0.135335
9	30	7.58439e-005
9	31	0.000194709
9	32	0.00049262
9	33	0.00122085
9	34	0.00293528
9	35	0.00673795
9	36	0.0143696
9	37	0.0271725
9	38	0.0423292
9	39	0.0497871
9	40	5.28075e-005
9	41	0.000130482
9	42	0.000315214
9	43	0.000738343
9	44	0.00165637
9	45	0.00349349
9	46	0.00673795
9	47	0.0114229
9	48	0.0161941
9	49	0.0183156
9	50	3.37804e-005
9	51	7.99602e-005
9	52	0.000183678
9	53	0.000405557
9	54	0.000849326
9	55	0.00165637
9	56	0.00293528
9	57	0.00458408
9	58	0.00610273
9	59	0.00673795
9	60	2.00626e-005
9	61	4.53999e-005
9	62	9.90838e-005
9	63	0.000206485
9	64	0.000405557
9	65	0.000738343
9	66	0.00122085
9	67	0.00179176
9	68	0.00228186
9	69	0.00247875
9	70	1.11759e-005
9	71	2.41761e-005
9	72	5.02e-005
9	73	9.90838e-005
9	74	0.000183678
9	75	0.000315214
9	76	0.00049262
9	77	0.00068911
9	78	0.000849326
9	79	0.000911882
9	80	5.89389e-006
9	81	1.22045e-005
9	82	2.41761e-005
9	83	4.53999e-005
9	84	7.99602e-005
9	85	0.000130482
9	86	0.000194709
9	87	0.00026225
9	88	0.000315214
9	89	0.000335463
9	90	2.96711e-006
9	91	5.89389e-006
9	92	1.11759e-005
9	93	2.00626e-005
9	94	3.37804e-005
9	95	5.28075e-005
9	96	7.58439e-005
9	97	9.90838e-005
9	98	0.000116761
9	99	0.00012341
10	10	1
10	11	0.367879
10	12	0.135335
10	13	0.0497871
10	14	0.0183156
10	15	0.00673795
10	16	0.00247875
10	17	0.000911882
10	18	0.000335463
10	19	0.00012341
10	20	0.367879
10	21	0.243117
10	22	0.106878
10	23	0.0423292
10	24	0.0161941
10	25	0.00610273
10	26	0.00228186
10	27	0.000849326
10	28	0.000315214
10	29	0.000116761
10	30	0.135335
10	31	0.106878
10	32	0.0591057
10	33	0.0271725
10	34	0.0114229
10	35	0.00458408
10	36	0.00179176
10	37	0.00068911
10	38	0.00026225
10	39	9.90838e-005
10	40	0.0497871
10	41	0.0423292
10	42	0.0271725
10	43	0.0143696
10	44	0.00673795
10	45	0.00293528
10	46	0.00122085
10	47	0.00049262
10	48	0.000194709
10	49	7.58439e-005
10	50	0.0183156
10	51	0.0161941
10	52	0.0114229
10	53	0.00673795
10	54	0.00349349
10	55	0.00165637
10	56	0.000738343
10	57	0.000315214
10	58	0.000130482
10	59	5.28075e-005
10	60	0.00673795
10	61	0.00610273
10	62	0.00458408
10	63	0.00293528
10	64	0.00165637
10	65	0.000849326
10	66	0.000405557
10	67	0.000183678
10	68	7.99602e-005
10	69	3.37804e-005
10	70	0.00247875
10	71	0.00228186
10	72	0.00179176
10	73	0.00122085
10	74	0.000738343
10	75	0.000405557
10	76	0.000206485
10	77	9.90838e-005
10	78	4.53999e-005
10	79	2.00626e-005
10	80	0.000911882
10	81	0.000849326
10	82	0.00068911
10	83	0.00049262
10	84	0.000315214
10	85	0.000183678
10	86	9.90838e-005
10	87	5.02e-005
10	88	2.41761e-005
10	89	1.11759e-005
10	90	0.000335463
10	91	0.000315214
10	92	0.00026225
10	93	0.000194709
10	94	0.000130482
10	95	7.99602e-005
10	96	4.53999e-005
10	97	2.41761e-005
10	98	1.22045e-005
10	99	5.89389e-006
11	11	1
11	12	0.367879
11	13	0.135335
11	14	0.0497871
11	15	0.0183156
11	16	0.00673795
11	17	0.00247875
11	18	0.000911882
11	19	0.000335463
11	20	0.243117
11	21	0.367879
11	22	0.243117
11	23	0.106878
11	24	0.0423292
11	25	0.0161941
11	26	0.00610273
11	27	0.00228186
11	28	0.000849326
11	29	0.000315214
11	30	0.106878
11	31	0.135335
11	32	0.106878
11	33	0.0591057
11	34	0.0271725
11	35	0.0114229
11	36	0.00458408
11	37	0.00179176
11	38	0.00068911
11	39	0.00026225
11	40	0.0423292
11	41	0.0497871
11	42	0.0423292
11	43	0.0271725
11	44	0.0143696
11	45	0.00673795
11	46	0.00293528
11	47	0.00122085
11	48	0.00049262
11	49	0.000194709
11	50	0.0161941
11	51	0.0183156
11	52	0.0161941
11	53	0.0114229
11	54	0.00673795
11	55	0.00349349
11	56	0.00165637
11	57	0.000738343
11	58	0.000315214
11	59	0.000130482
11	60	0.00610273
11	61	0.00673795
11	62	0.00610273
11	63	0.00458408
11	64	0.00293528
11	65	0.00165637
11	66	0.000849326
11	67	0.000405557
11	68	0.000183678
11	69	7.99602e-005
11	70	0.00228186
11	71	0.00247875
11	72	0.00228186
11	73	0.00179176
11	74	0.00122085
11	75	0.000738343
11	76	0.000405557
11	77	0.000206485
11	78	9.90838e-005
11	79	4.53999e-005
11	80	0.000849326
11	81	0.000911882
11	82	0.000849326
11	83	0.00068911
11	84	0.00049262
11	85	0.000315214
11	86	0.000183678
11	87	9.90838e-005
11	88	5.02e-005
11	89	2.41761e-005
11	90	0.000315214
11	91	0.000335463
11	92	0.000315214
11	93	0.00026225
11	94	0.000194709
11	95	0.000130482
11	96	7.99602e-005
11	97	4.53999e-005
11	98	2.41761e-005
11	99	1.22045e-005
12	12	1
12	13	0.367879
12	14	0.135335
12	15	0.0497871
12	16	0.0183156
12	17	0.00673795
12	18	0.00247875
12	19	0.000911882
12	20	0.106878
12	21	0.243117
12	22	0.367879
12	23	0.243117
12	24	0.106878
12	25	0.0423292
12	26	0.0161941
12	27	0.00610273
12	28	0.00228186
12	29	0.000849326
12	30	0.0591057
12	31	0.106878
12	32	0.135335
12	33	0.106878
12	34	0.0591057
12	35	0.0271725
12	36	0.0114229
12	37	0.00458408
12	38	0.00179176
12	39	0.00068911
12	40	0.0271725
12	41	0.0423292
12	42	0.0497871
12	43	0.0423292
12	44	0.0271725
12	45	0.0143696
12	46	0.00673795
12	47	0.00293528
12	48	0.00122085
12	49	0.00049262
12	50	0.0114229
12	51	0.0161941
12	52	0.0183156
12	53	0.0161941
12	54	0.0114229
12	55	0.00673795
12	56	0.00349349
12	57	0.00165637
12	58	0.000738343
12	59	0.000315214
12	60	0.00458408
12	61	0.00610273
12	62	0.00673795
12	63	0.00610273
12	64	0.00458408
12	65	0.00293528
12	66	0.00165637
12	67	0.000849326
12	68	0.000405557
12	69	0.000183678
12	70	0.00179176
12	71	0.00228186
12	72	0.00247875
12	73	0.00228186
12	74	0.00179176
12	75	0.00122085
12	76	0.000738343
12	77	0.000405557
12	78	0.000206485
12	79	9.90838e-005
12	80	0.00068911
12	81	0.000849326
12	82	0.000911882
12	83	0.000849326
12	84	0.00068911
12	85	0.00049262
12	86	0.000315214
12	87	0.000183678
12	88	9.90838e-005
12	89	5.02e-005
12	90	0.00026225
12	91	0.000315214
12	92	0.000335463
12	93	0.000315214
12	94	0.00026225
12	95	0.000194709
12	96	0.000130482
12	97	7.99602e-005
12	98	4.53999e-005
12	99	2.41761e-005
13	13	1
13	14	0.367879
13	15	0.135335
13	16	0.0497871
13	17	0.0183156
13	18	0.00673795
13	19	0.00247875
13	20	0.0423292
13	21	0.106878
13	22	0.243117
13	23	0.367879
13	24	0.243117
13	25	0.106878
13	26	0.0423292
13	27	0.0161941
13	28	0.00610273
13	29	0.00228186
13	30	0.0271725
13	31	0.0591057
13	32	0.106878
13	33	0.135335
13	34	0.106878
13	35	0.0591057
13	36	0.0271725
13	37	0.0114229
13	38	0.00458408
13	39	0.00179176
13	40	0.0143696
13	41	0.0271725
13	42	0.0423292
13	43	0.0497871
13	44	0.0423292
13	45	0.0271725
13	46	0.0143696
13	47	0.00673795
13	48	0.00293528
13	49	0.00122085
13	50	0.00673795
13	51	0.0114229
13	52	0.0161941
13	53	0.0183156
13	54	0.0161941
13	55	0.0114229
13	56	0.00673795
13	57	0.00349349
13	58	0.00165637
13	59	0.000738343
13	60	0.00293528
13	61	0.00458408
13	62	0.00610273
13	63	0.00673795
13	64	0.00610273
13	65	0.00458408
13	66	0.00293528
13	67	0.00165637
13	68	0.000849326
13	69	0.000405557
13	70	0.00122085
13	71	0.00179176
13	72	0.00228186
13	73	0.00247875
13	74	0.00228186
13	75	0.00179176
13	76	0.00122085
13	77	0.000738343
13	78	0.000405557
13	79	0.000206485
13	80	0.00049262
13	81	0.00068911
13	82	0.000849326
13	83	0.000911882
13	84	0.000849326
13	85	0.00068911
13	86	0.00049262
13	87	0.000315214
13	88	0.000183678
13	89	9.90838e-005
13	90	0.000194709
13	91	0.00026225
13	92	0.000315214
13	93	0.000335463
13	94	0.000315214
13	95	0.00026225
13	96	0.000194709
13	97	0.000130482
13	98	7.99602e-005
13	99	4.53999e-005
14	14	1
14	15	0.367879
14	16	0.135335
14	17	0.0497871
14	18	0.0183156
14	19	0.00673795
14	20	0.0161941
14	21	0.0423292
14	22	0.106878
14	23	0.243117
14	24	0.367879
14	25	0.243117
14	26	0.106878
14	27	0.0423292
14	28	0.0161941
14	29	0.00610273
14	30	0.0114229
14	31	0.0271725
14	32	0.0591057
14	33	0.106878
14	34	0.135335
14	35	0.106878
14	36	0.0591057
14	37	0.0271725
14	38	0.0114229
14	39	0.00458408
14	40	0.00673795
14	41	0.0143696
14	42	0.0271725
14	43	0.0423292
14	44	0.0497871
14	45	0.0423292
14	46	0.0271725
14	47	0.0143696
14	48	0.00673795
14	49	0.00293528
14	50	0.00349349
14	51	0.00673795
14	52	0.0114229
14	53	0.0161941
14	54	0.0183156
14	55	0.0161941
14	56	0.0114229
14	57	0.00673795
14	58	0.00349349
14	59	0.00165637
14	60	0.00165637
14	61	0.00293528
14	62	0.00458408
14	63	0.00610273
14	64	0.00673795
14	65	0.00610273
14	66	0.00458408
14	67	0.00293528
14	68	0.00165637
14	69	0.000849326
14	70	0.000738343
14	71	0.00122085
14	72	0.00179176
14	73	0.00228186
14	74	0.00247875
14	75	0.00228186
14	76	0.00179176
14	77	0.00122085
14	78	0.000738343
14	79	0.000405557
14	80	0.000315214
14	81	0.00049262
14	82	0.00068911
14	83	0.000849326
14	84	0.000911882
14	85	0.000849326
14	86	0.00068911
14	87	0.00049262
14	88	0.000315214
14	89	0.000183678
14	90	0.000130482
14	91	0.000194709
14	92	0.00026225
14	93	0.000315214
14	94	0.000335463
14	95	0.000315214
14	96	0.00026225
14	97	0.000194709
14	98	0.000130482
14	99	7.99602e-005
15	15	1
15	16	0.367879
15	17	0.135335
15	18	0.0497871
15	19	0.0183156
15	20	0.00610273
15	21	0.0161941
15	22	0.0423292
15	23	0.106878
15	24	0.243117
15	25	0.367879
15	26	0.243117
15	27	0.106878
15	28	0.0423292
15	29	0.0161941
15	30	0.00458408
15	31	0.0114229
15	32	0.0271725
15	33	0.0591057
15	34	0.106878
15	35	0.135335
15	36	0.106878
15	37	0.0591057
15	38	0.0271725
15	39	0.0114229
15	40	0.00293528
15	41	0.00673795
15	42	0.0143696
15	43	0.0271725
15	44	0.0423292
15	45	0.0497871
15	46	0.0423292
15	47	0.0271725
15	48	0.0143696
15	49	0.00673795
15	50	0.00165637
15	51	0.00349349
15	52	0.00673795
15	53	0.0114229
15	54	0.0161941
15	55	0.0183156
15	56	0.0161941
15	57	0.0114229
15	58	0.00673795
15	59	0.00349349
15	60	0.000849326
15	61	0.00165637
15	62	0.00293528
15	63	0.00458408
15	64	0.00610273
15	65	0.00673795
15	66	0.00610273
15	67	0.00458408
15	68	0.00293528
15	69	0.00165637
15	70	0.000405557
15	71	0.000738343
15	72	0.00122085
15	73	0.00179176
15	74	0.00228186
15	75	0.00247875
15	76	0.00228186
15	77	0.00179176
15	78	0.00122085
15	79	0.000738343
15	80	0.000183678
15	81	0.000315214
15	82	0.00049262
15	83	0.00068911
15	84	0.000849326
15	85	0.000911882
15	86	0.000849326
15	87	0.00068911
15	88	0.00049262
15	89	0.000315214
15	90	7.99602e-005
15	91	0.000130482
15	92	0.000194709
15	93	0.00026225
15	94	0.000315214
15	95	0.000335463
15	96	0.000315214
15	97	0.00026225
15	98	0.000194709
15	99	0.000130482
16	16	1
16	17	0.367879
16	18	0.135335
16	19	0.0497871
16	20	0.00228186
16	21	0.00610273
16	22	0.0161941
16	23	0.0423292
16	24	0.106878
16	25	0.243117
16	26	0.367879
16	27	0.243117
16	28	0.106878
16	29	0.0423292
16	30	0.00179176
16	31	0.00458408
16	32	0.0114229
16	33	0.0271725
16	34	0.0591057
16	35	0.106878
16	36	0.135335
16	37	0.106878
16	38	0.0591057
16	39	0.0271725
16	40	0.00122085
16	41	0.00293528
16	42	0.00673795
16	43	0.0143696
16	44	0.0271725
16	45	0.0423292
16	46	0.0497871
16	47	0.0423292
16	48	0.0271725
16	49	0.0143696
16	50	0.000738343
16	51	0.00165637
16	52	0.00349349
16	53	0.00673795
16	54	0.0114229
16	55	0.0161941
16	56	0.0183156
16	57	0.0161941
16	58	0.0114229
16	59	0.00673795
16	60	0.000405557
16	61	0.000849326
16	62	0.00165637
16	63	0.00293528
16	64	0.00458408
16	65	0.00610273
16	66	0.00673795
16	67	0.00610273
16	68	0.00458408
16	69	0.00293528
16	70	0.000206485
16	71	0.000405557
16	72	0.000738343
16	73	0.00122085
16	74	0.00179176
16	75	0.00228186
16	76	0.00247875
16	77	0.00228186
16	78	0.00179176
16	79	0.00122085
16	80	9.90838e-005
16	81	0.000183678
16	82	0.000315214
16	83	0.00049262
16	84	0.00068911
16	85	0.000849326
16	86	0.000911882
16	87	0.000849326
16	88	0.00068911
16	89	0.00049262
16	90	4.53999e-005
16	91	7.99602e-005
16	92	0.000130482
16	93	0.000194709
16	94	0.00026225
16	95	0.000315214
16	96	0.000335463
16	97	0.000315214
16	98	0.00026225
16	99	0.000194709
17	17	1
17	18	0.367879
17	19	0.135335
17	20	0.000849326
17	21	0.00228186
17	22	0.00610273
17	23	0.0161941
17	24	0.0423292
17	25	0.106878
17	26	0.243117
17	27	0.367879
17	28	0.243117
17	29	0.106878
17	30	0.00068911
17	31	0.00179176
17	32	0.00458408
17	33	0.0114229
17	34	0.0271725
17	35	0.0591057
17	36	0.106878
17	37	0.135335
17	38	0.106878
17	39	0.0591057
17	40	0.00049262
17	41	0.00122085
17	42	0.00293528
17	43	0.00673795
17	44	0.0143696
17	45	0.0271725
17	46	0.0423292
17	47	0.0497871
17	48	0.0423292
17	49	0.0271725
17	50	0.000315214
17	51	0.000738343
17	52	0.00165637
17	53	0.00349349
17	54	0.00673795
17	55	0.0114229
17	56	0.0161941
17	57	0.0183156
17	58	0.0161941
17	59	0.0114229
17	60	0.000183678
17	61	0.000405557
17	62	0.000849326
17	63	0.00165637
17	64	0.00293528
17	65	0.00458408
17	66	0.00610273
17	67	0.00673795
17	68	0.00610273
17	69	0.00458408
17	70	9.90838e-005
17	71	0.000206485
17	72	0.000405557
17	73	0.000738343
17	74	0.00122085
17	75	0.00179176
17	76	0.00228186
17	77	0.00247875
17	78	0.00228186
17	79	0.00179176
17	80	5.02e-005
17	81	9.90838e-005
17	82	0.000183678
17	83	0.000315214
17	84	0.00049262
17	85	0.00068911
17	86	0.000849326
17	87	0.000911882
17	88	0.000849326
17	89	0.00068911
17	90	2.41761e-005
17	91	4.53999e-005
17	92	7.99602e-005
17	93	0.000130482
17	94	0.000194709
17	95	0.00026225
17	96	0.000315214
17	97	0.000335463
17	98	0.000315214
17	99	0.00026225
18	18	1
18	19	0.367879
18	20	0.000315214
18	21	0.000849326
18	22	0.00228186
18	23	0.00610273
18	24	0.0161941
18	25	0.0423292
18	26	0.106878
18	27	0.243117
18	28	0.367879
18	29	0.243117
18	30	0.00026225
18	31	0.00068911
18	32	0.00179176
18	33	0.00458408
18	34	0.0114229
18	35	0.0271725
18	36	0.0591057
18	37	0.106878
18	38	0.135335
18	39	0.106878
18	40	0.000194709
18	41	0.00049262
18	42	0.00122085
18	43	0.00293528
18	44	0.00673795
18	45	0.0143696
18	46	0.0271725
18	47	0.0423292
18	48	0.0497871
18	49	0.0423292
18	50	0.000130482
18	51	0.000315214
18	52	0.000738343
18	53	0.00165637
18	54	0.00349349
18	55	0.00673795
18	56	0.0114229
18	57	0.0161941
18	58	0.0183156
18	59	0.0161941
18	60	7.99602e-005
18	61	0.000183678
18	62	0.000405557
18	63	0.000849326
18	64	0.00165637
18	65	0.00293528
18	66	0.00458408
18	67	0.00610273
18	68	0.00673795
18	69	0.00610273
18	70	4.53999e-005
18	71	9.90838e-005
18	72	0.000206485
18	73	0.000405557
18	74	0.000738343
18	75	0.00122085
18	76	0.00179176
18	77	0.00228186
18	78	0.00247875
18	79	0.00228186
18	80	2.41761e-005
18	81	5.02e-005
18	82	9.90838e-005
18	83	0.000183678
18	84	0.000315214
18	85	0.00049262
18	86	0.00068911
18	87	0.000849326
18	88	0.000911882
18	89	0.000849326
18	90	1.22045e-005
18	91	2.41761e-005
18	92	4.53999e-005
18	93	7.99602e-005
18	94	0.000130482
18	95	0.000194709
18	96	0.00026225
18	97	0.000315214
18	98	0.000335463
18	99	0.000315214
19	19	1
19	20	0.000116761
19	21	0.000315214
19	22	0.000849326
19	23	0.00228186
19	24	0.00610273
19	25	0.0161941
19	26	0.0423292
19	27	0.106878
19	28	0.243117
19	29	0.367879
19	30	9.90838e-005
19	31	0.00026225
19	32	0.00068911
19	33	0.00179176
19	34	0.00458408
19	35	0.0114229
19	36	0.0271725
19	37	0.0591057
19	38	0.106878
19	39	0.135335
19	40	7.58439e-005
19	41	0.000194709
19	42	0.00049262
19	43	0.00122085
19	44	0.00293528
19	45	0.00673795
19	46	0.0143696
19	47	0.0271725
19	48	0.0423292
19	49	0.0497871
19	50	5.28075e-005
19	51	0.000130482
19	52	0.000315214
19	53	0.000738343
19	54	0.00165637
19	55	0.00349349
19	56	0.00673795
19	57	0.0114229
19	58	0.0161941
19	59	0.0183156
19	60	3.37804e-005
19	61	7.99602e-005
19	62	0.000183678
19	63	0.000405557
19	64	0.000849326
19	65	0.00165637
19	66	0.00293528
19	67	0.00458408
19	68	0.00610273
19	69	0.00673795
19	70	2.00626e-005
19	71	4.53999e-005
19	72	9.90838e-005
19	73	0.000206485
19	74	0.000405557
19	75	0.000738343
19	76	0.00122085
19	77	0.00179176
19	78	0.00228186
19	79	0.00247875
19	80	1.11759e-005
19	81	2.41761e-005
19	82	5.02e-005
19	83	9.90838e-005
19	84	0.000183678
19	85	0.000315214
19	86	0.00049262
19	87	0.00068911
19	88	0.000849326
19	89	0.000911882
19	90	5.89389e-006
19	91	1.22045e-005
19	92	2.41761e-005
19	93	4.53999e-005
19	94	7.99602e-005
19	95	0.000130482
19	96	0.000194709
19	97	0.00026225
19	98	0.000315214
19	99	0.000335463
20	20	1
20	21	0.367879
20	22	0.135335
20	23	0.0497871
20	24	0.0183156
20	25	0.00673795
20	26	0.00247875
20	27	0.000911882
20	28	0.000335463
20	29	0.00012341
20	30	0.367879
20	31	0.243117
20	32	0.106878
20	33	0.0423292
20	34	0.0161941
20	35	0.00610273
20	36	0.00228186
20	37	0.000849326
20	38	0.000315214
20	39	0.000116761
20	40	0.135335
20	41	0.106878
20	42	0.0591057
20	43	0.0271725
20	44	0.0114229
20	45	0.00458408
20	46	0.00179176
20	47	0.00068911
20	48	0.00026225
20	49	9.90838e-005
20	50	0.0497871
20	51	0.0423292
20	52	0.0271725
20	53	0.0143696
20	54	0.00673795
20	55	0.00293528
20	56	0.00122085
20	57	0.00049262
20	58	0.000194709
20	59	7.58439e-005
20	60	0.0183156
20	61	0.0161941
20	62	0.0114229
20	63	0.00673795
20	64	0.00349349
20	65	0.00165637
20	66	0.000738343
20	67	0.000315214
20	68	0.000130482
20	69	5.28075e-005
20	70	0.00673795
20	71	0.00610273
20	72	0.00458408
20	73	0.00293528
20	74	0.00165637
20	75	0.000849326
20	76	0.000405557
20	77	0.000183678
20	78	7.99602e-005
20	79	3.37804e-005
20	80	0.00247875
20	81	0.00228186
20	82	0.00179176
20	83	0.00122085
20	84	0.000738343
20	85	0.000405557
20	86	0.000206485
20	87	9.90838e-005
20	88	4.53999e-005
20	89	2.00626e-005
20	90	0.000911882
20	91	0.000849326
20	92	0.00068911
20	93	0.00049262
20	94	0.000315214
20	95	0.000183678
20	96	9.90838e-005
20	97	5.02e-005
20	98	2.41761e-005
20	99	1.11759e-005
21	21	1
21	22	0.367879
21	23	0.135335
21	24	0.0497871
21	25	0.0183156
21	26	0.00673795
21	27	0.00247875
21	28	0.000911882
21	29	0.000335463
21	30	0.243117
21	31	0.367879
21	32	0.243117
21	33	0.106878
21	34	0.0423292
21	35	0.0161941
21	36	0.00610273
21	37	0.00228186
21	38	0.000849326
21	39	0.000315214
21	40	0.106878
21	41	0.135335
21	42	0.106878
21	43	0.0591057
21	44	0.0271725
21	45	0.0114229
21	46	0.00458408
21	47	0.00179176
21	48	0.00068911
21	49	0.00026225
21	50	0.0423292
21	51	0.0497871
21	52	0.0423292
21	53	0.0271725
21	54	0.0143696
21	55	0.00673795
21	56	0.00293528
21	57	0.00122085
21	58	0.00049262
21	59	0.000194709
21	60	0.0161941
21	61	0.0183156
21	62	0.0161941
21	63	0.0114229
21	64	0.00673795
21	65	0.00349349
21	66	0.00165637
21	67	0.000738343
21	68	0.000315214
21	69	0.000130482
21	70	0.00610273
21	71	0.00673795
21	72	0.00610273
21	73	0.00458408
21	74	0.00293528
21	75	0.00165637
21	76	0.000849326
21	77	0.000405557
21	78	0.000183678
21	79	7.99602e-005
21	80	0.00228186
21	81	0.00247875
21	82	0.00228186
21	83	0.00179176
21	84	0.00122085
21	85	0.000738343
21	86	0.000405557
21	87	0.000206485
21	88	9.90838e-005
21	89	4.53999e-005
21	90	0.000849326
21	91	0.000911882
21	92	0.000849326
21	93	0.00068911
21	94	0.00049262
21	95	0.000315214
21	96	0.000183678
21	97	9.90838e-005
21	98	5.02e-005
21	99	2.41761e-005
22	22	1
22	23	0.367879
22	24	0.135335
22	25	0.0497871
22	26	0.0183156
22	27	0.00673795
22	28	0.00247875
22	29	0.000911882
22	30	0.106878
22	31	0.243117
22	32	0.367879
22	33	0.243117
22	34	0.106878
22	35	0.0423292
22	36	0.0161941
22	37	0.00610273
22	38	0.00228186
22	39	0.000849326
22	40	0.0591057
22	41	0.106878
22	42	0.135335
22	43	0.106878
22	44	0.0591057
22	45	0.0271725
22	46	0.0114229
22	47	0.00458408
22	48	0.00179176
22	49	0.00068911
22	50	0.0271725
22	51	0.0423292
22	52	0.0497871
22	53	0.0423292
22	54	0.0271725
22	55	0.0143696
22	56	0.00673795
22	57	0.00293528
22	58	0.00122085
22	59	0.00049262
22	60	0.0114229
22	61	0.0161941
22	62	0.0183156
22	63	0.0161941
22	64	0.0114229
22	65	0.00673795
22	66	0.00349349
22	67	0.00165637
22	68	0.000738343
22	69	0.000315214
22	70	0.00458408
22	71	0.00610273
22	72	0.00673795
22	73	0.00610273
22	74	0.00458408
22	75	0.00293528
22	76	0.00165637
22	77	0.000849326
22	78	0.000405557
22	79	0.000183678
22	80	0.00179176
22	81	0.00228186
22	82	0.00247875
22	83	0.00228186
22	84	0.00179176
22	85	0.00122085
22	86	0.000738343
22	87	0.000405557
22	88	0.000206485
22	89	9.90838e-005
22	90	0.00068911
22	91	0.000849326
22	92	0.000911882
22	93	0.000849326
22	94	0.00068911
22	95	0.00049262
22	96	0.000315214
22	97	0.000183678
22	98	9.90838e-005
22	99	5.02e-005
23	23	1
23	24	0.367879
23	25	0.135335
23	26	0.0497871
23	27	0.0183156
23	28	0.00673795
23	29	0.00247875
23	30	0.0423292
23	31	0.106878
23	32	0.243117
23	33	0.367879
23	34	0.243117
23	35	0.106878
23	36	0.0423292
23	37	0.0161941
23	38	0.00610273
23	39	0.00228186
23	40	0.0271725
23	41	0.0591057
23	42	0.106878
23	43	0.135335
23	44	0.106878
23	45	0.0591057
23	46	0.0271725
23	47	0.0114229
23	48	0.00458408
23	49	0.00179176
23	50	0.0143696
23	51	0.0271725
23	52	0.0423292
23	53	0.0497871
23	54	0.0423292
23	55	0.0271725
23	56	0.0143696
23	57	0.00673795
23	58	0.00293528
23	59	0.00122085
23	60	0.00673795
23	61	0.0114229
23	62	0.0161941
23	63	0.0183156
23	64	0.0161941
23	65	0.0114229
23	66	0.00673795
23	67	0.00349349
23	68	0.00165637
23	69	0.000738343
23	70	0.00293528
23	71	0.00458408
23	72	0.00610273
23	73	0.00673795
23	74	0.00610273
23	75	0.00458408
23	76	0.00293528
23	77	0.00165637
23	78	0.000849326
23	79	0.000405557
23	80	0.00122085
23	81	0.00179176
23	82	0.00228186
23	83	0.00247875
23	84	0.00228186
23	85	0.00179176
23	86	0.00122085
23	87	0.000738343
23	88	0.000405557
23	89	0.000206485
23	90	0.00049262
23	91	0.00068911
23	92	0.000849326
23	93	0.000911882
23	94	0.000849326
23	95	0.00068911
23	96	0.00049262
23	97	0.000315214
23	98	0.000183678
23	99	9.90838e-005
24	24	1
24	25	0.367879
24	26	0.135335
24	27	0.0497871
24	28	0.0183156
24	29	0.00673795
24	30	0.0161941
24	31	0.0423292
24	32	0.106878
24	33	0.243117
24	34	0.367879
24	35	0.243117
24	36	0.106878
24	37	0.0423292
24	38	0.0161941
24	39	0.00610273
24	40	0.0114229
24	41	0.0271725
24	42	0.0591057
24	43	0.106878
24	44	0.135335
24	45	0.106878
24	46	0.0591057
24	47	0.0271725
24	48	0.0114229
24	49	0.00458408
24	50	0.00673795
24	51	0.0143696
24	52	0.0271725
24	53	0.0423292
24	54	0.0497871
24	55	0.0423292
24	56	0.0271725
24	57	0.0143696
24	58	0.00673795
24	59	0.00293528
24	60	0.00349349
24	61	0.00673795
24	62	0.0114229
24	63	0.0161941
24	64	0.0183156
24	65	0.0161941
24	66	0.0114229
24	67	0.00673795
24	68	0.00349349
24	69	0.00165637
24	70	0.00165637
24	71	0.00293528
24	72	0.00458408
24	73	0.00610273
24	74	0.00673795
24	75	0.00610273
24	76	0.00458408
24	77	0.00293528
24	78	0.00165637
24	79	0.000849326
24	80	0.000738343
24	81	0.00122085
24	82	0.00179176
24	83	0.00228186
24	84	0.00247875
24	85	0.00228186
24	86	0.00179176
24	87	0.00122085
24	88	0.000738343
24	89	0.000405557
24	90	0.000315214
24	91	0.00049262
24	92	0.00068911
24	93	0.000849326
24	94	0.000911882
24	95	0.000849326
24	96	0.00068911
24	97	0.00049262
24	98	0.000315214
24	99	0.000183678
25	25	1
25	26	0.367879
25	27	0.135335
25	28	0.0497871
25	29	0.0183156
25	30	0.00610273
25	31	0.0161941
25	32	0.0423292
25	33	0.106878
25	34	0.243117
25	35	0.367879
25	36	0.243117
25	37	0.106878
25	38	0.0423292
25	39	0.0161941
25	40	0.00458408
25	41	0.0114229
25	42	0.0271725
25	43	0.0591057
25	44	0.106878
25	45	0.135335
25	46	0.106878
25	47	0.0591057
25	48	0.0271725
25	49	0.0114229
25	50	0.00293528
25	51	0.00673795
25	52	0.0143696
25	53	0.0271725
25	54	0.0423292
25	55	0.0497871
25	56	0.0423292
25	57	0.0271725
25	58	0.0143696
25	59	0.00673795
25	60	0.00165637
25	61	0.00349349
25	62	0.00673795
25	63	0.0114229
25	64	0.0161941
25	65	0.0183156
25	66	0.0161941
25	67	0.0114229
25	68	0.00673795
25	69	0.00349349
25	70	0.000849326
25	71	0.00165637
25	72	0.00293528
25	73	0.00458408
25	74	0.00610273
25	75	0.00673795
25	76	0.00610273
25	77	0.00458408
25	78	0.00293528
25	79	0.00165637
25	80	0.000405557
25	81	0.000738343
25	82	0.00122085
25	83	0.00179176
25	84	0.00228186
25	85	0.00247875
25	86	0.00228186
25	87	0.00179176
25	88	0.00122085
25	89	0.000738343
25	90	0.000183678
25	91	0.000315214
25	92	0.00049262
25	93	0.00068911
25	94	0.000849326
25	95	0.000911882
25	96	0.000849326
25	97	0.00068911
25	98	0.00049262
25	99	0.000315214
26	26	1
26	27	0.367879
26	28	0.135335
26	29	0.0497871
26	30	0.00228186
26	31	0.00610273
26	32	0.0161941
26	33	0.0423292
26	34	0.106878
26	35	0.243117
26	36	0.367879
26	37	0.243117
26	38	0.106878
26	39	0.0423292
26	40	0.00179176
26	41	0.00458408
26	42	0.0114229
26	43	0.0271725
26	44	0.0591057
26	45	0.106878
26	46	0.135335
26	47	0.106878
26	48	0.0591057
26	49	0.0271725
26	50	0.00122085
26	51	0.00293528
26	52	0.00673795
26	53	0.0143696
26	54	0.0271725
26	55	0.0423292
26	56	0.0497871
26	57	0.0423292
26	58	0.0271725
26	59	0.0143696
26	60	0.000738343
26	61	0.00165637
26	62	0.00349349
26	63	0.00673795
26	64	0.0114229
26	65	0.0161941
26	66	0.0183156
26	67	0.0161941
26	68	0.0114229
26	69	0.00673795
26	70	0.000405557
26	71	0.000849326
26	72	0.00165637
26	73	0.00293528
26	74	0.00458408
26	75	0.00610273
26	76	0.00673795
26	77	0.00610273
26	78	0.00458408
26	79	0.00293528
26	80	0.000206485
26	81	0.000405557
26	82	0.000738343
26	83	0.00122085
26	84	0.00179176
26	85	0.00228186
26	86	0.00247875
26	87	0.00228186
26	88	0.00179176
26	89	0.00122085
26	90	9.90838e-005
26	91	0.000183678
26	92	0.000315214
26	93	0.00049262
26	94	0.00068911
26	95	0.000849326
26	96	0.000911882
26	97	0.000849326
26	98	0.00068911
26	99	0.00049262
27	27	1
27	28	0.367879
27	29	0.135335
27	30	0.000849326
27	31	0.00228186
27	32	0.00610273
27	33	0.0161941
27	34	0.0423292
27	35	0.106878
27	36	0.243117
27	37	0.367879
27	38	0.243117
27	39	0.106878
27	40	0.00068911
27	41	0.00179176
27	42	0.00458408
27	43	0.0114229
27	44	0.0271725
27	45	0.0591057
27	46	0.106878
27	47	0.135335
27	48	0.106878
27	49	0.0591057
27	50	0.00049262
27	51	0.00122085
27	52	0.00293528
27	53	0.00673795
27	54	0.0143696
27	55	0.0271725
27	56	0.0423292
27	57	0.0497871
27	58	0.0423292
27	59	0.0271725
27	60	0.000315214
27	61	0.000738343
27	62	0.00165637
27	63	0.00349349
27	64	0.00673795
27	65	0.0114229
27	66	0.0161941
27	67	0.0183156
27	68	0.0161941
27	69	0.0114229
27	70	0.000183678
27	71	0.000405557
27	72	0.000849326
27	73	0.00165637
27	74	0.00293528
27	75	0.00458408
27	76	0.00610273
27	77	0.00673795
27	78	0.00610273
27	79	0.00458408
27	80	9.90838e-005
27	81	0.000206485
27	82	0.000405557
27	83	0.000738343
27	84	0.00122085
27	85	0.00179176
27	86	0.00228186
27	87	0.00247875
27	88	0.00228186
27	89	0.00179176
27	90	5.02e-005
27	91	9.90838e-005
27	92	0.000183678
27	93	0.000315214
27	94	0.00049262
27	95	0.00068911
27	96	0.000849326
27	97	0.000911882
27	98	0.000849326
27	99	0.00068911
28	28	1
28	29	0.367879
28	30	0.000315214
28	31	0.000849326
28	32	0.00228186
28	33	0.00610273
28	34	0.0161941
28	35	0.0423292
28	36	0.106878
28	37	0.243117
28	38	0.367879
28	39	0.243117
28	40	0.00026225
28	41	0.00068911
28	42	0.00179176
28	43	0.00458408
28	44	0.0114229
28	45	0.0271725
28	46	0.0591057
28	47	0.106878
28	48	0.135335
28	49	0.106878
28	50	0.000194709
28	51	0.00049262
28	52	0.00122085
28	53	0.00293528
28	54	0.00673795
28	55	0.0143696
28	56	0.0271725
28	57	0.0423292
28	58	0.0497871
28	59	0.0423292
28	60	0.000130482
28	61	0.000315214
28	62	0.000738343
28	63	0.00165637
28	64	0.00349349
28	65	0.00673795
28	66	0.0114229
28	67	0.0161941
28	68	0.0183156
28	69	0.0161941
28	70	7.99602e-005
28	71	0.000183678
28	72	0.000405557
28	73	0.000849326
28	74	0.00165637
28	75	0.00293528
28	76	0.00458408
28	77	0.00610273
28	78	0.00673795
28	79	0.00610273
28	80	4.53999e-005
28	81	9.90838e-005
28	82	0.000206485
28	83	0.000405557
28	84	0.000738343
28	85	0.00122085
28	86	0.00179176
28	87	0.00228186
28	88	0.00247875
28	89	0.00228186
28	90	2.41761e-005
28	91	5.02e-005
28	92	9.90838e-005
28	93	0.000183678
28	94	0.000315214
28	95	0.00049262
28	96	0.00068911
28	97	0.000849326
28	98	0.000911882
28	99	0.000849326
29	29	1
29	30	0.000116761
29	31	0.000315214
29	32	0.000849326
29	33	0.00228186
29	34	0.00610273
29	35	0.0161941
29	36	0.0423292
29	37	0.106878
29	38	0.243117
29	39	0.367879
29	40	9.90838e-005
29	41	0.00026225
29	42	0.00068911
29	43	0.00179176
29	44	0.00458408
29	45	0.0114229
29	46	0.0271725
29	47	0.0591057
29	48	0.106878
29	49	0.135335
29	50	7.58439e-005
29	51	0.000194709
29	52	0.00049262
29	53	0.00122085
29	54	0.00293528
29	55	0.00673795
29	56	0.0143696
29	57	0.0271725
29	58	0.0423292
29	59	0.0497871
29	60	5.28075e-005
29	61	0.000130482
29	62	0.000315214
29	63	0.000738343
29	64	0.00165637
29	65	0.00349349
29	66	0.00673795
29	67	0.0114229
29	68	0.0161941
29	69	0.0183156
29	70	3.37804e-005
29	71	7.99602e-005
29	72	0.000183678
29	73	0.000405557
29	74	0.000849326
29	75	0.00165637
29	76	0.00293528
29	77	0.00458408
29	78	0.00610273
29	79	0.00673795
29	80	2.00626e-005
29	81	4.53999e-005
29	82	9.90838e-005
29	83	0.000206485
29	84	0.000405557
29	85	0.000738343
29	86	0.00122085
29	87	0.00179176
29	88	0.00228186
29	89	0.00247875
29	90	1.11759e-005
29	91	2.41761e-005
29	92	5.02e-005
29	93	9.90838e-005
29	94	0.000183678
29	95	0.000315214
29	96	0.00049262
29	97	0.00068911
29	98	0.000849326
29	99	0.000911882
30	30	1
30	31	0.367879
30	32	0.135335
30	33	0.0497871
30	34	0.0183156
30	35	0.00673795
30	36	0.00247875
30	37	0.000911882
30	38	0.000335463
30	39	0.00012341
30	40	0.367879
30	41	0.243117
30	42	0.106878
30	43	0.0423292
30	44	0.0161941
30	45	0.00610273
30	46	0.00228186
30	47	0.000849326
30	48	0.000315214
30	49	0.000116761
30	50	0.135335
30	51	0.106878
30	52	0.0591057
30	53	0.0271725
30	54	0.0114229
30	55	0.00458408
30	56	0.00179176
30	57	0.00068911
30	58	0.00026225
30	59	9.90838e-005
30	60	0.0497871
30	61	0.0423292
30	62	0.0271725
30	63	0.0143696
30	64	0.00673795
30	65	0.00293528
30	66	0.00122085
30	67	0.00049262
30	68	0.000194709
30	69	7.58439e-005
30	70	0.0183156
30	71	0.0161941
30	72	0.0114229
30	73	0.00673795
30	74	0.00349349
30	75	0.00165637
30	76	0.000738343
30	77	0.000315214
30	78	0.000130482
30	79	5.28075e-005
30	80	0.00673795
30	81	0.00610273
30	82	0.00458408
30	83	0.00293528
30	84	0.00165637
30	85	0.000849326
30	86	0.000405557
30	87	0.000183678
30	88	7.99602e-005
30	89	3.37804e-005
30	90	0.00247875
30	91	0.00228186
30	92	0.00179176
30	93	0.00122085
30	94	0.000738343
30	95	0.000405557
30	96	0.000206485
30	97	9.90838e-005
30	98	4.53999e-005
30	99	2.00626e-005
31	31	1
31	32	0.367879
31	33	0.135335
31	34	0.0497871
31	35	0.0183156
31	36	0.00673795
31	37	0.00247875
31	38	0.000911882
31	39	0.000335463
31	40	0.243117
31	41	0.367879
31	42	0.243117
31	43	0.106878
31	44	0.0423292
31	45	0.0161941
31	46	0.00610273
31	47	0.00228186
31	48	0.000849326
31	49	0.000315214
31	50	0.106878
31	51	0.135335
31	52	0.106878
31	53	0.0591057
31	54	0.0271725
31	55	0.0114229
31	56	0.00458408
31	57	0.00179176
31	58	0.00068911
31	59	0.00026225
31	60	0.0423292
31	61	0.0497871
31	62	0.0423292
31	63	0.0271725
31	64	0.0143696
31	65	0.00673795
31	66	0.00293528
31	67	0.00122085
31	68	0.00049262
31	69	0.000194709
31	70	0.0161941
31	71	0.0183156
31	72	0.0161941
31	73	0.0114229
31	74	0.00673795
31	75	0.00349349
31	76	0.00165637
31	77	0.000738343
31	78	0.000315214
31	79	0.000130482
31	80	0.00610273
31	81	0.00673795
31	82	0.00610273
31	83	0.00458408
31	84	0.00293528
31	85	0.00165637
31	86	0.000849326
31	87	0.000405557
31	88	0.000183678
31	89	7.99602e-005
31	90	0.00228186
31	91	0.00247875
31	92	0.00228186
31	93	0.00179176
31	94	0.00122085
31	95	0.000738343
31	96	0.000405557
31	97	0.000206485
31	98	9.90838e-005
31	99	4.53999e-005
32	32	1
32	33	0.367879
32	34	0.135335
32	35	0.0497871
32	36	0.0183156
32	37	0.00673795
32	38	0.00247875
32	39	0.000911882
32	40	0.106878
32	41	0.243117
32	42	0.367879
32	43	0.243117
32	44	0.106878
32	45	0.0423292
32	46	0.0161941
32	47	0.00610273
32	48	0.00228186
32	49	0.000849326
32	50	0.0591057
32	51	0.106878
32	52	0.135335
32	53	0.106878
32	54	0.0591057
32	55	0.0271725
32	56	0.0114229
32	57	0.00458408
32	58	0.00179176
32	59	0.00068911
32	60	0.0271725
32	61	0.0423292
32	62	0.0497871
32	63	0.0423292
32	64	0.0271725
32	65	0.0143696
32	66	0.00673795
32	67	0.00293528
32	68	0.00122085
32	69	0.00049262
32	70	0.0114229
32	71	0.0161941
32	72	0.0183156
32	73	0.0161941
32	74	0.0114229
32	75	0.00673795
32	76	0.00349349
32	77	0.00165637
32	78	0.000738343
32	79	0.000315214
32	80	0.00458408
32	81	0.00610273
32	82	0.00673795
32	83	0.00610273
32	84	0.00458408
32	85	0.00293528
32	86	0.00165637
32	87	0.000849326
32	88	0.000405557
32	89	0.000183678
32	90	0.00179176
32	91	0.00228186
32	92	0.00247875
32	93	0.00228186
32	94	0.00179176
32	95	0.00122085
32	96	0.000738343
32	97	0.000405557
32	98	0.000206485
32	99	9.90838e-005
33	33	1
33	34	0.367879
33	35	0.135335
33	36	0.0497871
33	37	0.0183156
33	38	0.00673795
33	39	0.00247875
33	40	0.0423292
33	41	0.106878
33	42	0.243117
33	43	0.367879
33	44	0.243117
33	45	0.106878
33	46	0.0423292
33	47	0.0161941
33	48	0.00610273
33	49	0.00228186
33	50	0.0271725
33	51	0.0591057
33	52	0.106878
33	53	0.135335
33	54	0.106878
33	55	0.0591057
33	56	0.0271725
33	57	0.0114229
33	58	0.00458408
33	59	0.00179176
33	60	0.0143696
33	61	0.0271725
33	62	0.0423292
33	63	0.0497871
33	64	0.0423292
33	65	0.0271725
33	66	0.0143696
33	67	0.00673795
33	68	0.00293528
33	69	0.00122085
33	70	0.00673795
33	71	0.0114229
33	72	0.0161941
33	73	0.0183156
33	74	0.0161941
33	75	0.0114229
33	76	0.00673795
33	77	0.00349349
33	78	0.00165637
33	79	0.000738343
33	80	0.00293528
33	81	0.00458408
33	82	0.00610273
33	83	0.00673795
33	84	0.00610273
33	85	0.00458408
33	86	0.00293528
33	87	0.00165637
33	88	0.000849326
33	89	0.000405557
33	90	0.00122085
33	91	0.00179176
33	92	0.00228186
33	93	0.00247875
33	94	0.00228186
33	95	0.00179176
33	96	0.00122085
33	97	0.000738343
33	98	0.000405557
33	99	0.000206485
34	34	1
34	35	0.367879
34	36	0.135335
34	37	0.0497871
34	38	0.0183156
34	39	0.00673795
34	40	0.0161941
34	41	0.0423292
34	42	0.106878
34	43	0.243117
34	44	0.367879
34	45	0.243117
34	46	0.106878
34	47	0.0423292
34	48	0.0161941
34	49	0.00610273
34	50	0.0114229
34	51	0.0271725
34	52	0.0591057
34	53	0.106878
34	54	0.135335
34	55	0.106878
34	56	0.0591057
34	57	0.0271725
34	58	0.0114229
34	59	0.00458408
34	60	0.00673795
34	61	0.0143696
34	62	0.0271725
34	63	0.0423292
34	64	0.0497871
34	65	0.0423292
34	66	0.0271725
34	67	0.0143696
34	68	0.00673795
34	69	0.00293528
34	70	0.00349349
34	71	0.00673795
34	72	0.0114229
34	73	0.0161941
34	74	0.0183156
34	75	0.0161941
34	76	0.0114229
34	77	0.00673795
34	78	0.00349349
34	79	0.00165637
34	80	0.00165637
34	81	0.00293528
34	82	0.00458408
34	83	0.00610273
34	84	0.00673795
34	85	0.00610273
34	86	0.00458408
34	87	0.00293528
34	88	0.00165637
34	89	0.000849326
34	90	0.000738343
34	91	0.00122085
34	92	0.00179176
34	93	0.00228186
34	94	0.00247875
34	95	0.00228186
34	96	0.00179176
34	97	0.00122085
34	98	0.000738343
34	99	0.000405557
35	35	1
35	36	0.367879
35	37	0.135335
35	38	0.0497871
35	39	0.0183156
35	40	0.00610273
35	41	0.0161941
35	42	0.0423292
35	43	0.106878
35	44	0.243117
35	45	0.367879
35	46	0.243117
35	47	0.106878
35	48	0.0423292
35	49	0.0161941
35	50	0.00458408
35	51	0.0114229
35	52	0.0271725
35	53	0.0591057
35	54	0.106878
35	55	0.135335
35	56	0.106878
35	57	0.0591057
35	58	0.0271725
35	59	0.0114229
35	60	0.00293528
35	61	0.00673795
35	62	0.0143696
35	63	0.0271725
35	64	0.0423292
35	65	0.0497871
35	66	0.0423292
35	67	0.0271725
35	68	0.0143696
35	69	0.00673795
35	70	0.00165637
35	71	0.00349349
35	72	0.00673795
35	73	0.0114229
35	74	0.0161941
35	75	0.0183156
35	76	0.0161941
35	77	0.0114229
35	78	0.00673795
35	79	0.00349349
35	80	0.000849326
35	81	0.00165637
35	82	0.00293528
35	83	0.00458408
35	84	0.00610273
35	85	0.00673795
35	86	0.00610273
35	87	0.00458408
35	88	0.00293528
35	89	0.00165637
35	90	0.000405557
35	91	0.000738343
35	92	0.00122085
35	93	0.00179176
35	94	0.00228186
35	95	0.00247875
35	96	0.00228186
35	97	0.00179176
35	98	0.00122085
35	99	0.000738343
36	36	1
36	37	0.367879
36	38	0.135335
36	39	0.0497871
36	40	0.00228186
36	41	0.00610273
36	42	0.0161941
36	43	0.0423292
36	44	0.106878
36	45	0.243117
36	46	0.367879
36	47	0.243117
36	48	0.106878
36	49	0.0423292
36	50	0.00179176
36	51	0.00458408
36	52	0.0114229
36	53	0.0271725
36	54	0.0591057
36	55	0.106878
36	56	0.135335
36	57	0.106878
36	58	0.0591057
36	59	0.0271725
36	60	0.00122085
36	61	0.00293528
36	62	0.00673795
36	63	0.0143696
36	64	0.0271725
36	65	0.0423292
36	66	0.0497871
36	67	0.0423292
36	68	0.0271725
36	69	0.0143696
36	70	0.000738343
36	71	0.00165637
36	72	0.00349349
36	73	0.00673795
36	74	0.0114229
36	75	0.0161941
36	76	0.0183156
36	77	0.0161941
36	78	0.0114229
36	79	0.00673795
36	80	0.000405557
36	81	0.000849326
36	82	0.00165637
36	83	0.00293528
36	84	0.00458408
36	85	0.00610273
36	86	0.00673795
36	87	0.00610273
36	88	0.00458408
36	89	0.00293528
36	90	0.000206485
36	91	0.000405557
36	92	0.000738343
36	93	0.00122085
36	94	0.00179176
36	95	0.00228186
36	96	0.00247875
36	97	0.00228186
36	98	0.00179176
36	99	0.00122085
37	37	1
37	38	0.367879
37	39	0.135335
37	40	0.000849326
37	41	0.00228186
37	42	0.00610273
37	43	0.0161941
37	44	0.0423292
37	45	0.106878
37	46	0.243117
37	47	0.367879
37	48	0.243117
37	49	0.106878
37	50	0.00068911
37	51	0.00179176
37	52	0.00458408
37	53	0.0114229
37	54	0.0271725
37	55	0.0591057
37	56	0.106878
37	57	0.135335
37	58	0.106878
37	59	0.0591057
37	60	0.00049262
37	61	0.00122085
37	62	0.00293528
37	63	0.00673795
37	64	0.0143696
37	65	0.0271725
37	66	0.0423292
37	67	0.0497871
37	68	0.0423292
37	69	0.0271725
37	70	0.000315214
37	71	0.000738343
37	72	0.00165637
37	73	0.00349349
37	74	0.00673795
37	75	0.0114229
37	76	0.0161941
37	77	0.0183156
37	78	0.0161941
37	79	0.0114229
37	80	0.000183678
37	81	0.000405557
37	82	0.000849326
37	83	0.00165637
37	84	0.00293528
37	85	0.00458408
37	86	0.00610273
37	87	0.00673795
37	88	0.00610273
37	89	0.00458408
37	90	9.90838e-005
37	91	0.000206485
37	92	0.000405557
37	93	0.000738343
37	94	0.00122085
37	95	0.00179176
37	96	0.00228186
37	97	0.00247875
37	98	0.00228186
37	99	0.00179176
38	38	1
38	39	0.367879
38	40	0.000315214
38	41	0.000849326
38	42	0.00228186
38	43	0.00610273
38	44	0.0161941
38	45	0.0423292
38	46	0.106878
38	47	0.243117
38	48	0.367879
38	49	0.243117
38	50	0.00026225
38	51	0.00068911
38	52	0.00179176
38	53	0.00458408
38	54	0.0114229
38	55	0.0271725
38	56	0.0591057
38	57	0.106878
38	58	0.135335
38	59	0.106878
38	60	0.000194709
38	61	0.00049262
38	62	0.00122085
38	63	0.00293528
38	64	0.00673795
38	65	0.0143696
38	66	0.0271725
38	67	0.0423292
38	68	0.0497871
38	69	0.0423292
38	70	0.000130482
38	71	0.000315214
38	72	0.000738343
38	73	0.00165637
38	74	0.00349349
38	75	0.00673795
38	76	0.0114229
38	77	0.0161941
38	78	0.0183156
38	79	0.0161941
38	80	7.99602e-005
38	81	0.000183678
38	82	0.000405557
38	83	0.000849326
38	84	0.00165637
38	85	0.00293528
38	86	0.00458408
38	87	0.00610273
38	88	0.00673795
38	89	0.00610273
38	90	4.53999e-005
38	91	9.90838e-005
38	92	0.000206485
38	93	0.000405557
38	94	0.000738343
38	95	0.00122085
38	96	0.00179176
38	97	0.00228186
38	98	0.00247875
38	99	0.00228186
39	39	1
39	40	0.000116761
39	41	0.000315214
39	42	0.000849326
39	43	0.00228186
39	44	0.00610273
39	45	0.0161941
39	46	0.0423292
39	47	0.106878
39	48	0.243117
39	49	0.367879
39	50	9.90838e-005
39	51	0.00026225
39	52	0.00068911
39	53	0.00179176
39	54	0.00458408
39	55	0.0114229
39	56	0.0271725
39	57	0.0591057
39	58	0.106878
39	59	0.135335
39	60	7.58439e-005
39	61	0.000194709
39	62	0.00049262
39	63	0.00122085
39	64	0.00293528
39	65	0.00673795
39	66	0.0143696
39	67	0.0271725
39	68	0.0423292
39	69	0.0497871
39	70	5.28075e-005
39	71	0.000130482
39	72	0.000315214
39	73	0.000738343
39	74	0.00165637
39	75	0.00349349
39	76	0.00673795
39	77	0.0114229
39	78	0.0161941
39	79	0.0183156
39	80	3.37804e-005
39	81	7.99602e-005
39	82	0.000183678
39	83	0.000405557
39	84	0.000849326
39	85	0.00165637
39	86	0.00293528
39	87	0.00458408
39	88	0.00610273
39	89	0.00673795
39	90	2.00626e-005
39	91	4.53999e-005
39	92	9.90838e-005
39	93	0.000206485
39	94	0.000405557
39	95	0.000738343
39	96	0.00122085
39	97	0.00179176
39	98	0.00228186
39	99	0.00247875
40	40	1
40	41	0.367879
40	42	0.135335
40	43	0.0497871
40	44	0.0183156
40	45	0.00673795
40	46	0.00247875
40	47	0.000911882
40	48	0.000335463
40	49	0.00012341
40	50	0.367879
40	51	0.243117
40	52	0.106878
40	53	0.0423292
40	54	0.0161941
40	55	0.00610273
40	56	0.00228186
40	57	0.000849326
40	58	0.000315214
40	59	0.000116761
40	60	0.135335
40	61	0.106878
40	62	0.0591057
40	63	0.0271725
40	64	0.0114229
40	65	0.00458408
40	66	0.00179176
40	67	0.00068911
40	68	0.00026225
40	69	9.90838e-005
40	70	0.0497871
40	71	0.0423292
40	72	0.0271725
40	73	0.0143696
40	74	0.00673795
40	75	0.00293528
40	76	0.00122085
40	77	0.00049262
40	78	0.000194709
40	79	7.58439e-005
40	80	0.0183156
40	81	0.0161941
40	82	0.0114229
40	83	0.00673795
40	84	0.00349349
40	85	0.00165637
40	86	0.000738343
40	87	0.000315214
40	88	0.000130482
40	89	5.28075e-005
40	90	0.00673795
40	91	0.00610273
40	92	0.00458408
40	93	0.00293528
40	94	0.00165637
40	95	0.000849326
40	96	0.000405557
40	97	0.000183678
40	98	7.99602e-005
40	99	3.37804e-005
41	41	1
41	42	0.367879
41	43	0.135335
41	44	0.0497871
41	45	0.0183156
41	46	0.00673795
41	47	0.00247875
41	48	0.000911882
41	49	0.000335463
41	50	0.243117
41	51	0.367879
41	52	0.243117
41	53	0.106878
41	54	0.0423292
41	55	0.0161941
41	56	0.00610273
41	57	0.00228186
41	58	0.000849326
41	59	0.000315214
41	60	0.106878
41	61	0.135335
41	62	0.106878
41	63	0.0591057
41	64	0.0271725
41	65	0.0114229
41	66	0.00458408
41	67	0.00179176
41	68	0.00068911
41	69	0.00026225
41	70	0.0423292
41	71	0.0497871
41	72	0.0423292
41	73	0.0271725
41	74	0.0143696
41	75	0.00673795
41	76	0.00293528
41	77	0.00122085
41	78	0.00049262
41	79	0.000194709
41	80	0.0161941
41	81	0.0183156
41	82	0.0161941
41	83	0.0114229
41	84	0.00673795
41	85	0.00349349
41	86	0.00165637
41	87	0.000738343
41	88	0.000315214
41	89	0.000130482
41	90	0.00610273
41	91	0.00673795
41	92	0.00610273
41	93	0.00458408
41	94	0.00293528
41	95	0.00165637
41	96	0.000849326
41	97	0.000405557
41	98	0.000183678
41	99	7.99602e-005
42	42	1
42	43	0.367879
42	44	0.135335
42	45	0.0497871
42	46	0.0183156
42	47	0.00673795
42	48	0.00247875
42	49	0.000911882
42	50	0.106878
42	51	0.243117
42	52	0.367879
42	53	0.243117
42	54	0.106878
42	55	0.0423292
42	56	0.0161941
42	57	0.00610273
42	58	0.00228186
42	59	0.000849326
42	60	0.0591057
42	61	0.106878
42	62	0.135335
42	63	0.106878
42	64	0.0591057
42	65	0.0271725
42	66	0.0114229
42	67	0.00458408
42	68	0.00179176
42	69	0.00068911
42	70	0.0271725
42	71	0.0423292
42	72	0.0497871
42	73	0.0423292
42	74	0.0271725
42	75	0.0143696
42	76	0.00673795
42	77	0.00293528
42	78	0.00122085
42	79	0.00049262
42	80	0.0114229
42	81	0.0161941
42	82	0.0183156
42	83	0.0161941
42	84	0.0114229
42	85	0.00673795
42	86	0.00349349
42	87	0.00165637
42	88	0.000738343
42	89	0.000315214
42	90	0.00458408
42	91	0.00610273
42	92	0.00673795
42	93	0.00610273
42	94	0.00458408
42	95	0.00293528
42	96	0.00165637
42	97	0.000849326
42	98	0.000405557
42	99	0.000183678
43	43	1
43	44	0.367879
43	45	0.135335
43	46	0.0497871
43	47	0.0183156
43	48	0.00673795
43	49	0.00247875
43	50	0.0423292
43	51	0.106878
43	52	0.243117
43	53	0.367879
43	54	0.243117
43	55	0.106878
43	56	0.0423292
43	57	0.0161941
43	58	0.00610273
43	59	0.00228186
43	60	0.0271725
43	61	0.0591057
43	62	0.106878
43	63	0.135335
43	64	0.106878
43	65	0.0591057
43	66	0.0271725
43	67	0.0114229
43	68	0.00458408
43	69	0.00179176
43	70	0.0143696
43	71	0.0271725
43	72	0.0423292
43	73	0.0497871
43	74	0.0423292
43	75	0.0271725
43	76	0.0143696
43	77	0.00673795
43	78	0.00293528
43	79	0.00122085
43	80	0.00673795
43	81	0.0114229
43	82	0.0161941
43	83	0.0183156
43	84	0.0161941
43	85	0.0114229
43	86	0.00673795
43	87	0.00349349
43	88	0.00165637
43	89	0.000738343
43	90	0.00293528
43	91	0.00458408
43	92	0.00610273
43	93	0.00673795
43	94	0.00610273
43	95	0.00458408
43	96	0.00293528
43	97	0.00165637
43	98	0.000849326
43	99	0.000405557
44	44	1
44	45	0.367879
44	46	0.135335
44	47	0.0497871
44	48	0.0183156
44	49	0.00673795
44	50	0.0161941
44	51	0.0423292
44	52	0.106878
44	53	0.243117
44	54	0.367879
44	55	0.243117
44	56	0.106878
44	57	0.0423292
44	58	0.0161941
44	59	0.00610273
44	60	0.0114229
44	61	0.0271725
44	62	0.0591057
44	63	0.106878
44	64	0.135335
44	65	0.106878
44	66	0.0591057
44	67	0.0271725
44	68	0.0114229
44	69	0.00458408
44	70	0.00673795
44	71	0.0143696
44	72	0.0271725
44	73	0.0423292
44	74	0.0497871
44	75	0.0423292
44	76	0.0271725
44	77	0.0143696
44	78	0.00673795
44	79	0.00293528
44	80	0.00349349
44	81	0.00673795
44	82	0.0114229
44	83	0.0161941
44	84	0.0183156
44	85	0.0161941
44	86	0.0114229
44	87	0.00673795
44	88	0.00349349
44	89	0.00165637
44	90	0.00165637
44	91	0.00293528
44	92	0.00458408
44	93	0.00610273
44	94	0.00673795
44	95	0.00610273
44	96	0.00458408
44	97	0.00293528
44	98	0.00165637
44	99	0.000849326
45	45	1
45	46	0.367879
45	47	0.135335
45	48	0.0497871
45	49	0.0183156
45	50	0.00610273
45	51	0.0161941
45	52	0.0423292
45	53	0.106878
45	54	0.243117
45	55	0.367879
45	56	0.243117
45	57	0.106878
45	58	0.0423292
45	59	0.0161941
45	60	0.00458408
45	61	0.0114229
45	62	0.0271725
45	63	0.0591057
45	64	0.106878
45	65	0.135335
45	66	0.106878
45	67	0.0591057
45	68	0.0271725
45	69	0.0114229
45	70	0.00293528
45	71	0.00673795
45	72	0.0143696
45	73	0.0271725
45	74	0.0423292
45	75	0.0497871
45	76	0.0423292
45	77	0.0271725
45	78	0.0143696
45	79	0.00673795
45	80	0.00165637
45	81	0.00349349
45	82	0.00673795
45	83	0.0114229
45	84	0.0161941
45	85	0.0183156
45	86	0.0161941
45	87	0.0114229
45	88	0.00673795
45	89	0.00349349
45	90	0.000849326
45	91	0.00165637
45	92	0.00293528
45	93	0.00458408
45	94	0.00610273
45	95	0.00673795
45	96	0.00610273
45	97	0.00458408
45	98	0.00293528
45	99	0.00165637
46	46	1
46	47	0.367879
46	48	0.135335
46	49	0.0497871
46	50	0.00228186
46	51	0.00610273
46	52	0.0161941
46	53	0.0423292
46	54	0.106878
46	55	0.243117
46	56	0.367879
46	57	0.243117
46	58	0.106878
46	59	0.0423292
46	60	0.00179176
46	61	0.00458408
46	62	0.0114229
46	63	0.0271725
46	64	0.0591057
46	65	0.106878
46	66	0.135335
46	67	0.106878
46	68	0.0591057
46	69	0.0271725
46	70	0.00122085
46	71	0.00293528
46	72	0.00673795
46	73	0.0143696
46	74	0.0271725
46	75	0.0423292
46	76	0.0497871
46	77	0.0423292
46	78	0.0271725
46	79	0.0143696
46	80	0.000738343
46	81	0.00165637
46	82	0.00349349
46	83	0.00673795
46	84	0.0114229
46	85	0.0161941
46	86	0.0183156
46	87	0.0161941
46	88	0.0114229
46	89	0.00673795
46	90	0.000405557
46	91	0.000849326
46	92	0.00165637
46	93	0.00293528
46	94	0.00458408
46	95	0.00610273
46	96	0.00673795
46	97	0.00610273
46	98	0.00458408
46	99	0.00293528
47	47	1
47	48	0.367879
47	49	0.135335
47	50	0.000849326
47	51	0.00228186
47	52	0.00610273
47	53	0.0161941
47	54	0.0423292
47	55	0.106878
47	56	0.243117
47	57	0.367879
47	58	0.243117
47	59	0.106878
47	60	0.00068911
47	61	0.00179176
47	62	0.00458408
47	63	0.0114229
47	64	0.0271725
47	65	0.0591057
47	66	0.106878
47	67	0.135335
47	68	0.106878
47	69	0.0591057
47	70	0.00049262
47	71	0.00122085
47	72	0.00293528
47	73	0.00673795
47	74	0.0143696
47	75	0.0271725
47	76	0.0423292
47	77	0.0497871
47	78	0.0423292
47	79	0.0271725
47	80	0.000315214
47	81	0.000738343
47	82	0.00165637
47	83	0.00349349
47	84	0.00673795
47	85	0.0114229
47	86	0.0161941
47	87	0.0183156
47	88	0.0161941
47	89	0.0114229
47	90	0.000183678
47	91	0.000405557
47	92	0.000849326
47	93	0.00165637
47	94	0.00293528
47	95	0.00458408
47	96	0.00610273
47	97	0.00673795
47	98	0.00610273
47	99	0.00458408
48	48	1
48	49	0.367879
48	50	0.000315214
48	51	0.000849326
48	52	0.00228186
48	53	0.00610273
48	54	0.0161941
48	55	0.0423292
48	56	0.106878
48	57	0.243117
48	58	0.367879
48	59	0.243117
48	60	0.00026225
48	61	0.00068911
48	62	0.00179176
48	63	0.00458408
48	64	0.0114229
48	65	0.0271725
48	66	0.0591057
48	67	0.106878
48	68	0.135335
48	69	0.106878
48	70	0.000194709
48	71	0.00049262
48	72	0.00122085
48	73	0.00293528
48	74	0.00673795
48	75	0.0143696
48	76	0.0271725
48	77	0.0423292
48	78	0.0497871
48	79	0.0423292
48	80	0.000130482
48	81	0.000315214
48	82	0.000738343
48	83	0.00165637
48	84	0.00349349
48	85	0.00673795
48	86	0.0114229
48	87	0.0161941
48	88	0.0183156
48	89	0.0161941
48	90	7.99602e-005
48	91	0.000183678
48	92	0.000405557
48	93	0.000849326
48	94	0.00165637
48	95	0.00293528
48	96	0.00458408
48	97	0.00610273
48	98	0.00673795
48	99	0.00610273
49	49	1
49	50	0.000116761
49	51	0.000315214
49	52	0.000849326
49	53	0.00228186
49	54	0.00610273
49	55	0.0161941
49	56	0.0423292
49	57	0.106878
49	58	0.243117
49	59	0.367879
49	60	9.90838e-005
49	61	0.00026225
49	62	0.00068911
49	63	0.00179176
49	64	0.00458408
49	65	0.0114229
49	66	0.0271725
49	67	0.0591057
49	68	0.106878
49	69	0.135335
49	70	7.58439e-005
49	71	0.000194709
49	72	0.00049262
49	73	0.00122085
49	74	0.00293528
49	75	0.00673795
49	76	0.0143696
49	77	0.0271725
49	78	0.0423292
49	79	0.0497871
49	80	5.28075e-005
49	81	0.000130482
49	82	0.000315214
49	83	0.000738343
49	84	0.00165637
49	85	0.00349349
49	86	0.00673795
49	87	0.0114229
49	88	0.0161941
49	89	0.0183156
49	90	3.37804e-005
49	91	7.99602e-005
49	92	0.000183678
49	93	0.000405557
49	94	0.000849326
49	95	0.00165637
49	96	0.00293528
49	97	0.00458408
49	98	0.00610273
49	99	0.00673795
50	50	1
50	51	0.367879
50	52	0.135335
50	53	0.0497871
50	54	0.0183156
50	55	0.00673795
50	56	0.00247875
50	57	0.000911882
50	58	0.000335463
50	59	0.00012341
50	60	0.367879
50	61	0.243117
50	62	0.106878
50	63	0.0423292
50	64	0.0161941
50	65	0.00610273
50	66	0.00228186
50	67	0.000849326
50	68	0.000315214
50	69	0.000116761
50	70	0.135335
50	71	0.106878
50	72	0.0591057
50	73	0.0271725
50	74	0.0114229
50	75	0.00458408
50	76	0.00179176
50	77	0.00068911
50	78	0.00026225
50	79	9.90838e-005
50	80	0.0497871
50	81	0.0423292
50	82	0.0271725
50	83	0.0143696
50	84	0.00673795
50	85	0.00293528
50	86	0.00122085
50	87	0.00049262
50	88	0.000194709
50	89	7.58439e-005
50	90	0.0183156
50	91	0.0161941
50	92	0.0114229
50	93	0.00673795
50	94	0.00349349
50	95	0.00165637
50	96	0.000738343
50	97	0.000315214
50	98	0.000130482
50	99	5.28075e-005
51	51	1
51	52	0.367879
51	53	0.135335
51	54	0.0497871
51	55	0.0183156
51	56	0.00673795
51	57	0.00247875
51	58	0.000911882
51	59	0.000335463
51	60	0.243117
51	61	0.367879
51	62	0.243117
51	63	0.106878
51	64	0.0423292
51	65	0.0161941
51	66	0.00610273
51	67	0.00228186
51	68	0.000849326
51	69	0.000315214
51	70	0.106878
51	71	0.135335
51	72	0.106878
51	73	0.0591057
51	74	0.0271725
51	75	0.0114229
51	76	0.00458408
51	77	0.00179176
51	78	0.00068911
51	79	0.00026225
51	80	0.0423292
51	81	0.0497871
51	82	0.0423292
51	83	0.0271725
51	84	0.0143696
51	85	0.00673795
51	86	0.00293528
51	87	0.00122085
51	88	0.00049262
51	89	0.000194709
51	90	0.0161941
51	91	0.0183156
51	92	0.0161941
51	93	0.0114229
51	94	0.00673795
51	95	0.00349349
51	96	0.00165637
51	97	0.000738343
51	98	0.000315214
51	99	0.000130482
52	52	1
52	53	0.367879
52	54	0.135335
52	55	0.0497871
52	56	0.0183156
52	57	0.00673795
52	58	0.00247875
52	59	0.000911882
52	60	0.106878
52	61	0.243117
52	62	0.367879
52	63	0.243117
52	64	0.106878
52	65	0.0423292
52	66	0.0161941
52	67	0.00610273
52	68	0.00228186
52	69	0.000849326
52	70	0.0591057
52	71	0.106878
52	72	0.135335
52	73	0.106878
52	74	0.0591057
52	75	0.0271725
52	76	0.0114229
52	77	0.00458408
52	78	0.00179176
52	79	0.00068911
52	80	0.0271725
52	81	0.0423292
52	82	0.0497871
52	83	0.0423292
52	84	0.0271725
52	85	0.0143696
52	86	0.00673795
52	87	0.00293528
52	88	0.00122085
52	89	0.00049262
52	90	0.0114229
52	91	0.0161941
52	92	0.0183156
52	93	0.0161941
52	94	0.0114229
52	95	0.00673795
52	96	0.00349349
52	97	0.00165637
52	98	0.000738343
52	99	0.000315214
53	53	1
53	54	0.367879
53	55	0.135335
53	56	0.0497871
53	57	0.0183156
53	58	0.00673795
53	59	0.00247875
53	60	0.0423292
53	61	0.106878
53	62	0.243117
53	63	0.367879
53	64	0.243117
53	65	0.106878
53	66	0.0423292
53	67	0.0161941
53	68	0.00610273
53	69	0.00228186
53	70	0.0271725
53	71	0.0591057
53	72	0.106878
53	73	0.135335
53	74	0.106878
53	75	0.0591057
53	76	0.0271725
53	77	0.0114229
53	78	0.00458408
53	79	0.00179176
53	80	0.0143696
53	81	0.0271725
53	82	0.0423292
53	83	0.0497871
53	84	0.0423292
53	85	0.0271725
53	86	0.0143696
53	87	0.00673795
53	88	0.00293528
53	89	0.00122085
53	90	0.00673795
53	91	0.0114229
53	92	0.0161941
53	93	0.0183156
53	94	0.0161941
53	95	0.0114229
53	96	0.00673795
53	97	0.00349349
53	98	0.00165637
53	99	0.000738343
54	54	1
54	55	0.367879
54	56	0.135335
54	57	0.0497871
54	58	0.0183156
54	59	0.00673795
54	60	0.0161941
54	61	0.0423292
54	62	0.106878
54	63	0.243117
54	64	0.367879
54	65	0.243117
54	66	0.106878
54	67	0.0423292
54	68	0.0161941
54	69	0.00610273
54	70	0.0114229
54	71	0.0271725
54	72	0.0591057
54	73	0.106878
54	74	0.135335
54	75	0.106878
54	76	0.0591057
54	77	0.0271725
54	78	0.0114229
54	79	0.00458408
54	80	0.00673795
54	81	0.0143696
54	82	0.0271725
54	83	0.0423292
54	84	0.0497871
54	85	0.0423292
54	86	0.0271725
54	87	0.0143696
54	88	0.00673795
54	89	0.00293528
54	90	0.00349349
54	91	0.00673795
54	92	0.0114229
54	93	0.0161941
54	94	0.0183156
54	95	0.0161941
54	96	0.0114229
54	97	0.00673795
54	98	0.00349349
54	99	0.00165637
55	55	1
55	56	0.367879
55	57	0.135335
55	58	0.0497871
55	59	0.0183156
55	60	0.00610273
55	61	0.0161941
55	62	0.0423292
55	63	0.106878
55	64	0.243117
55	65	0.367879
55	66	0.243117
55	67	0.106878
55	68	0.0423292
55	69	0.0161941
55	70	0.00458408
55	71	0.0114229
55	72	0.0271725
55	73	0.0591057
55	74	0.106878
55	75	0.135335
55	76	0.106878
55	77	0.0591057
55	78	0.0271725
55	79	0.0114229
55	80	0.00293528
55	81	0.00673795
55	82	0.0143696
55	83	0.0271725
55	84	0.0423292
55	85	0.0497871
55	86	0.0423292
55	87	0.0271725
55	88	0.0143696
55	89	0.00673795
55	90	0.00165637
55	91	0.00349349
55	92	0.00673795
55	93	0.0114229
55	94	0.0161941
55	95	0.0183156
55	96	0.0161941
55	97	0.0114229
55	98	0.00673795
55	99	0.00349349
56	56	1
56	57	0.367879
56	58	0.135335
56	59	0.0497871
56	60	0.00228186
56	61	0.00610273
56	62	0.0161941
56	63	0.0423292
56	64	0.106878
56	65	0.243117
56	66	0.367879
56	67	0.243117
56	68	0.106878
56	69	0.0423292
56	70	0.00179176
56	71	0.00458408
56	72	0.0114229
56	73	0.0271725
56	74	0.0591057
56	75	0.106878
56	76	0.135335
56	77	0.106878
56	78	0.0591057
56	79	0.0271725
56	80	0.00122085
56	81	0.00293528
56	82	0.00673795
56	83	0.0143696
56	84	0.0271725
56	85	0.0423292
56	86	0.0497871
56	87	0.0423292
56	88	0.0271725
56	89	0.0143696
56	90	0.000738343
56	91	0.00165637
56	92	0.00349349
56	93	0.00673795
56	94	0.0114229
56	95	0.0161941
56	96	0.0183156
56	97	0.0161941
56	98	0.0114229
56	99	0.00673795
57	57	1
57	58	0.367879
57	59	0.135335
57	60	0.000849326
57	61	0.00228186
57	62	0.00610273
57	63	0.0161941
57	64	0.0423292
57	65	0.106878
57	66	0.243117
57	67	0.367879
57	68	0.243117
57	69	0.106878
57	70	0.00068911
57	71	0.00179176
57	72	0.00458408
57	73	0.0114229
57	74	0.0271725
57	75	0.0591057
57	76	0.106878
57	77	0.135335
57	78	0.106878
57	79	0.0591057
57	80	0.00049262
57	81	0.00122085
57	82	0.00293528
57	83	0.00673795
57	84	0.0143696
57	85	0.0271725
57	86	0.0423292
57	87	0.0497871
57	88	0.0423292
57	89	0.0271725
57	90	0.000315214
57	91	0.000738343
57	92	0.00165637
57	93	0.00349349
57	94	0.00673795
57	95	0.0114229
57	96	0.0161941
57	97	0.0183156
57	98	0.0161941
57	99	0.0114229
58	58	1
58	59	0.367879
58	60	0.000315214
58	61	0.000849326
58	62	0.00228186
58	63	0.00610273
58	64	0.0161941
58	65	0.0423292
58	66	0.106878
58	67	0.243117
58	68	0.367879
58	69	0.243117
58	70	0.00026225
58	71	0.00068911
58	72	0.00179176
58	73	0.00458408
58	74	0.0114229
58	75	0.0271725
58	76	0.0591057
58	77	0.106878
58	78	0.135335
58	79	0.106878
58	80	0.000194709
58	81	0.00049262
58	82	0.00122085
58	83	0.00293528
58	84	0.00673795
58	85	0.0143696
58	86	0.0271725
58	87	0.0423292
58	88	0.0497871
58	89	0.0423292
58	90	0.000130482
58	91	0.000315214
58	92	0.000738343
58	93	0.00165637
58	94	0.00349349
58	95	0.00673795
58	96	0.0114229
58	97	0.0161941
58	98	0.0183156
58	99	0.0161941
59	59	1
59	60	0.000116761
59	61	0.000315214
59	62	0.000849326
59	63	0.00228186
59	64	0.00610273
59	65	0.0161941
59	66	0.0423292
59	67	0.106878
59	68	0.243117
59	69	0.367879
59	70	9.90838e-005
59	71	0.00026225
59	72	0.00068911
59	73	0.00179176
59	74	0.00458408
59	75	0.0114229
59	76	0.0271725
59	77	0.0591057
59	78	0.106878
59	79	0.135335
59	80	7.58439e-005
59	81	0.000194709
59	82	0.00049262
59	83	0.00122085
59	84	0.00293528
59	85	0.00673795
59	86	0.0143696
59	87	0.0271725
59	88	0.0423292
59	89	0.0497871
59	90	5.28075e-005
59	91	0.000130482
59	92	0.000315214
59	93	0.000738343
59	94	0.00165637
59	95	0.00349349
59	96	0.00673795
59	97	0.0114229
59	98	0.0161941
59	99	0.0183156
60	60	1
60	61	0.367879
60	62	0.135335
60	63	0.0497871
60	64	0.0183156
60	65	0.00673795
60	66	0.00247875
60	67	0.000911882
60	68	0.000335463
60	69	0.00012341
60	70	0.367879
60	71	0.243117
60	72	0.106878
60	73	0.0423292
60	74	0.0161941
60	75	0.00610273
60	76	0.00228186
60	77	0.000849326
60	78	0.000315214
60	79	0.000116761
60	80	0.135335
60	81	0.106878
60	82	0.0591057
60	83	0.0271725
60	84	0.0114229
60	85	0.00458408
60	86	0.00179176
60	87	0.00068911
60	88	0.00026225
60	89	9.90838e-005
60	90	0.0497871
60	91	0.0423292
60	92	0.0271725
60	93	0.0143696
60	94	0.00673795
60	95	0.00293528
60	96	0.00122085
60	97	0.00049262
60	98	0.000194709
60	99	7.58439e-005
61	61	1
61	62	0.367879
61	63	0.135335
61	64	0.0497871
61	65	0.0183156
61	66	0.00673795
61	67	0.00247875
61	68	0.000911882
61	69	0.000335463
61	70	0.243117
61	71	0.367879
61	72	0.243117
61	73	0.106878
61	74	0.0423292
61	75	0.0161941
61	76	0.00610273
61	77	0.00228186
61	78	0.000849326
61	79	0.000315214
61	80	0.106878
61	81	0.135335
61	82	0.106878
61	83	0.0591057
61	84	0.0271725
61	85	0.0114229
61	86	0.00458408
61	87	0.00179176
61	88	0.00068911
61	89	0.00026225
61	90	0.0423292
61	91	0.0497871
61	92	0.0423292
61	93	0.0271725
61	94	0.0143696
61	95	0.00673795
61	96	0.00293528
61	97	0.00122085
61	98	0.00049262
61	99	0.000194709
62	62	1
62	63	0.367879
62	64	0.135335
62	65	0.0497871
62	66	0.0183156
62	67	0.00673795
62	68	0.00247875
62	69	0.000911882
62	70	0.106878
62	71	0.243117
62	72	0.367879
62	73	0.243117
62	74	0.106878
62	75	0.0423292
62	76	0.0161941
62	77	0.00610273
62	78	0.00228186
62	79	0.000849326
62	80	0.0591057
62	81	0.106878
62	82	0.135335
62	83	0.106878
62	84	0.0591057
62	85	0.0271725
62	86	0.0114229
62	87	0.00458408
62	88	0.00179176
62	89	0.00068911
62	90	0.0271725
62	91	0.0423292
62	92	0.0497871
62	93	0.0423292
62	94	0.0271725
62	95	0.0143696
62	96	0.00673795
62	97	0.00293528
62	98	0.00122085
62	99	0.00049262
63	63	1
63	64	0.367879
63	65	0.135335
63	66	0.0497871
63	67	0.0183156
63	68	0.00673795
63	69	0.00247875
63	70	0.0423292
63	71	0.106878
63	72	0.243117
63	73	0.367879
63	74	0.243117
63	75	0.106878
63	76	0.0423292
63	77	0.0161941
63	78	0.00610273
63	79	0.00228186
63	80	0.0271725
63	81	0.0591057
63	82	0.106878
63	83	0.135335
63	84	0.106878
63	85	0.0591057
63	86	0.0271725
63	87	0.0114229
63	88	0.00458408
63	89	0.00179176
63	90	0.0143696
63	91	0.0271725
63	92	0.0423292
63	93	0.0497871
63	94	0.0423292
63	95	0.0271725
63	96	0.0143696
63	97	0.00673795
63	98	0.00293528
63	99	0.00122085
64	64	1
64	65	0.367879
64	66	0.135335
64	67	0.0497871
64	68	0.0183156
64	69	0.00673795
64	70	0.0161941
64	71	0.0423292
64	72	0.106878
64	73	0.243117
64	74	0.367879
64	75	0.243117
64	76	0.106878
64	77	0.0423292
64	78	0.0161941
64	79	0.00610273
64	80	0.0114229
64	81	0.0271725
64	82	0.0591057
64	83	0.106878
64	84	0.135335
64	85	0.106878
64	86	0.0591057
64	87	0.0271725
64	88	0.0114229
64	89	0.00458408
64	90	0.00673795
64	91	0.0143696
64	92	0.0271725
64	93	0.0423292
64	94	0.0497871
64	95	0.0423292
64	96	0.0271725
64	97	0.0143696
64	98	0.00673795
64	99	0.00293528
65	65	1
65	66	0.367879
65	67	0.135335
65	68	0.0497871
65	69	0.0183156
65	70	0.00610273
65	71	0.0161941
65	72	0.0423292
65	73	0.106878
65	74	0.243117
65	75	0.367879
65	76	0.243117
65	77	0.106878
65	78	0.0423292
65	79	0.0161941
65	80	0.00458408
65	81	0.0114229
65	82	0.0271725
65	83	0.0591057
65	84	0.106878
65	85	0.135335
65	86	0.106878
65	87	0.0591057
65	88	0.0271725
65	89	0.0114229
65	90	0.00293528
65	91	0.00673795
65	92	0.0143696
65	93	0.0271725
65	94	0.0423292
65	95	0.0497871
65	96	0.0423292
65	97	0.0271725
65	98	0.0143696
65	99	0.00673795
66	66	1
66	67	0.367879
66	68	0.135335
66	69	0.0497871
66	70	0.00228186
66	71	0.00610273
66	72	0.0161941
66	73	0.0423292
66	74	0.106878
66	75	0.243117
66	76	0.367879
66	77	0.243117
66	78	0.106878
66	79	0.0423292
66	80	0.00179176
66	81	0.00458408
66	82	0.0114229
66	83	0.0271725
66	84	0.0591057
66	85	0.106878
66	86	0.135335
66	87	0.106878
66	88	0.0591057
66	89	0.0271725
66	90	0.00122085
66	91	0.00293528
66	92	0.00673795
66	93	0.0143696
66	94	0.0271725
66	95	0.0423292
66	96	0.0497871
66	97	0.0423292
66	98	0.0271725
66	99	0.0143696
67	67	1
67	68	0.367879
67	69	0.135335
67	70	0.000849326
67	71	0.00228186
67	72	0.00610273
67	73	0.0161941
67	74	0.0423292
67	75	0.106878
67	76	0.243117
67	77	0.367879
67	78	0.243117
67	79	0.106878
67	80	0.00068911
67	81	0.00179176
67	82	0.00458408
67	83	0.0114229
67	84	0.0271725
67	85	0.0591057
67	86	0.106878
67	87	0.135335
67	88	0.106878
67	89	0.0591057
67	90	0.00049262
67	91	0.00122085
67	92	0.00293528
67	93	0.00673795
67	94	0.0143696
67	95	0.0271725
67	96	0.0423292
67	97	0.0497871
67	98	0.0423292
67	99	0.0271725
68	68	1
68	69	0.367879
68	70	0.000315214
68	71	0.000849326
68	72	0.00228186
68	73	0.00610273
68	74	0.0161941
68	75	0.0423292
68	76	0.106878
68	77	0.243117
68	78	0.367879
68	79	0.243117
68	80	0.00026225
68	81	0.00068911
68	82	0.00179176
68	83	0.00458408
68	84	0.0114229
68	85	0.0271725
68	86	0.0591057
68	87	0.106878
68	88	0.135335
68	89	0.106878
68	90	0.000194709
68	91	0.00049262
68	92	0.00122085
68	93	0.00293528
68	94	0.00673795
68	95	0.0143696
68	96	0.0271725
68	97	0.0423292
68	98	0.0497871
68	99	0.0423292
69	69	1
69	70	0.000116761
69	71	0.000315214
69	72	0.000849326
69	73	0.00228186
69	74	0.00610273
69	75	0.0161941
69	76	0.0423292
69	77	0.106878
69	78	0.243117
69	79	0.367879
69	80	9.90838e-005
69	81	0.00026225
69	82	0.00068911
69	83	0.00179176
69	84	0.00458408
69	85	0.0114229
69	86	0.0271725
69	87	0.0591057
69	88	0.106878
69	89	0.135335
69	90	7.58439e-005
69	91	0.000194709
69	92	0.00049262
69	93	0.00122085
69	94	0.00293528
69	95	0.00673795
69	96	0.0143696
69	97	0.0271725
69	98	0.0423292
69	99	0.0497871
70	70	1
70	71	0.367879
70	72	0.135335
70	73	0.0497871
70	74	0.0183156
70	75	0.00673795
70	76	0.00247875
70	77	0.000911882
70	78	0.000335463
70	79	0.00012341
70	80	0.367879
70	81	0.243117
70	82	0.106878
70	83	0.0423292
70	84	0.0161941
70	85	0.00610273
70	86	0.00228186
70	87	0.000849326
70	88	0.000315214
70	89	0.000116761
70	90	0.135335
70	91	0.106878
70	92	0.0591057
70	93	0.0271725
70	94	0.0114229
70	95	0.00458408
70	96	0.00179176
70	97	0.00068911
70	98	0.00026225
70	99	9.90838e-005
71	71	1
71	72	0.367879
71	73	0.135335
71	74	0.0497871
71	75	0.0183156
71	76	0.00673795
71	77	0.00247875
71	78	0.000911882
71	79	0.000335463
71	80	0.243117
71	81	0.367879
71	82	0.243117
71	83	0.106878
71	84	0.0423292
71	85	0.0161941
71	86	0.00610273
71	87	0.00228186
71	88	0.000849326
71	89	0.000315214
71	90	0.106878
71	91	0.135335
71	92	0.106878
71	93	0.0591057
71	94	0.0271725
71	95	0.0114229
71	96	0.00458408
71	97	0.00179176
71	98	0.00068911
71	99	0.00026225
72	72	1
72	73	0.367879
72	74	0.135335
72	75	0.0497871
72	76	0.0183156
72	77	0.00673795
72	78	0.00247875
72	79	0.000911882
72	80	0.106878
72	81	0.243117
72	82	0.367879
72	83	0.243117
72	84	0.106878
72	85	0.0423292
72	86	0.0161941
72	87	0.00610273
72	88	0.00228186
72	89	0.000849326
72	90	0.0591057
72	91	0.106878
72	92	0.135335
72	93	0.106878
72	94	0.0591057
72	95	0.0271725
72	96	0.0114229
72	97	0.00458408
72	98	0.00179176
72	99	0.00068911
73	73	1
73	74	0.367879
73	75	0.135335
73	76	0.0497871
73	77	0.0183156
73	78	0.00673795
73	79	0.00247875
73	80	0.0423292
73	81	0.106878
73	82	0.243117
73	83	0.367879
73	84	0.243117
73	85	0.106878
73	86	0.0423292
73	87	0.0161941
73	88	0.00610273
73	89	0.00228186
73	90	0.0271725
73	91	0.0591057
73	92	0.106878
73	93	0.135335
73	94	0.106878
73	95	0.0591057
73	96	0.0271725
73	97	0.0114229
73	98	0.00458408
73	99	0.00179176
74	74	1
74	75	0.367879
74	76	0.135335
74	77	0.0497871
74	78	0.0183156
74	79	0.00673795
74	80	0.0161941
74	81	0.0423292
74	82	0.106878
74	83	0.243117
74	84	0.367879
74	85	0.243117
74	86	0.106878
74	87	0.0423292
74	88	0.0161941
74	89	0.00610273
74	90	0.0114229
74	91	0.0271725
74	92	0.0591057
74	93	0.106878
74	94	0.135335
74	95	0.106878
74	96	0.0591057
74	97	0.0271725
74	98	0.0114229
74	99	0.00458408
75	75	1
75	76	0.367879
75	77	0.135335
75	78	0.0497871
75	79	0.0183156
75	80	0.00610273
75	81	0.0161941
75	82	0.0423292
75	83	0.106878
75	84	0.243117
75	85	0.367879
75	86	0.243117
75	87	0.106878
75	88	0.0423292
75	89	0.0161941
75	90	0.00458408
75	91	0.0114229
75	92	0.0271725
75	93	0.0591057
75	94	0.106878
75	95	0.135335
75	96	0.106878
75	97	0.0591057
75	98	0.0271725
75	99	0.0114229
76	76	1
76	77	0.367879
76	78	0.135335
76	79	0.0497871
76	80	0.00228186
76	81	0.00610273
76	82	0.0161941
76	83	0.0423292
76	84	0.106878
76	85	0.243117
76	86	0.367879
76	87	0.243117
76	88	0.106878
76	89	0.0423292
76	90	0.00179176
76	91	0.00458408
76	92	0.0114229
76	93	0.0271725
76	94	0.0591057
76	95	0.106878
76	96	0.135335
76	97	0.106878
76	98	0.0591057
76	99	0.0271725
77	77	1
77	78	0.367879
77	79	0.135335
77	80	0.000849326
77	81	0.00228186
77	82	0.00610273
77	83	0.0161941
77	84	0.0423292
77	85	0.106878
77	86	0.243117
77	87	0.367879
77	88	0.243117
77	89	0.106878
77	90	0.00068911
77	91	0.00179176
77	92	0.00458408
77	93	0.0114229
77	94	0.0271725
77	95	0.0591057
77	96	0.106878
77	97	0.135335
77	98	0.106878
77	99	0.0591057
78	78	1
78	79	0.367879
78	80	0.000315214
78	81	0.000849326
78	82	0.00228186
78	83	0.00610273
78	84	0.0161941
78	85	0.0423292
78	86	0.106878
78	87	0.243117
78	88	0.367879
78	89	0.243117
78	90	0.00026225
78	91	0.00068911
78	92	0.00179176
78	93	0.00458408
78	94	0.0114229
78	95	0.0271725
78	96	0.0591057
78	97	0.106878
78	98	0.135335
78	99	0.106878
79	79	1
79	80	0.000116761
79	81	0.000315214
79	82	0.000849326
79	83	0.00228186
79	84	0.00610273
79	85	0.0161941
79	86	0.0423292
79	87	0.106878
79	88	0.243117
79	89	0.367879
79	90	9.90838e-005
79	91	0.00026225
79	92	0.00068911
79	93	0.00179176
79	94	0.00458408
79	95	0.0114229
79	96	0.0271725
79	97	0.0591057
79	98	0.106878
79	99	0.135335
80	80	1
80	81	0.367879
80	82	0.135335
80	83	0.0497871
80	84	0.0183156
80	85	0.00673795
80	86	0.00247875
80	87	0.000911882
80	88	0.000335463
80	89	0.00012341
80	90	0.367879
80	91	0.243117
80	92	0.106878
80	93	0.0423292
80	94	0.0161941
80	95	0.00610273
80	96	0.00228186
80	97	0.000849326
80	98	0.000315214
80	99	0.000116761
81	81	1
81	82	0.367879
81	83	0.135335
81	84	0.0497871
81	85	0.0183156
81	86	0.00673795
81	87	0.00247875
81	88	0.000911882
81	89	0.000335463
81	90	0.243117
81	91	0.367879
81	92	0.243117
81	93	0.106878
81	94	0.0423292
81	95	0.0161941
81	96	0.00610273
81	97	0.00228186
81	98	0.000849326
81	99	0.000315214
82	82	1
82	83	0.367879
82	84	0.135335
82	85	0.0497871
82	86	0.0183156
82	87	0.00673795
82	88	0.00247875
82	89	0.000911882
82	90	0.106878
82	91	0.243117
82	92	0.367879
82	93	0.243117
82	94	0.106878
82	95	0.0423292
82	96	0.0161941
82	97	0.00610273
82	98	0.00228186
82	99	0.000849326
83	83	1
83	84	0.367879
83	85	0.135335
83	86	0.0497871
83	87	0.0183156
83	88	0.00673795
83	89	0.00247875
83	90	0.0423292
83	91	0.106878
83	92	0.243117
83	93	0.367879
83	94	0.243117
83	95	0.106878
83	96	0.0423292
83	97	0.0161941
83	98	0.00610273
83	99	0.00228186
84	84	1
84	85	0.367879
84	86	0.135335
84	87	0.0497871
84	88	0.0183156
84	89	0.00673795
84	90	0.0161941
84	91	0.0423292
84	92	0.106878
84	93	0.243117
84	94	0.367879
84	95	0.243117
84	96	0.106878
84	97	0.0423292
84	98	0.0161941
84	99	0.00610273
85	85	1
85	86	0.367879
85	87	0.135335
85	88	0.0497871
85	89	0.0183156
85	90	0.00610273
85	91	0.0161941
85	92	0.0423292
85	93	0.106878
85	94	0.243117
85	95	0.367879
85	96	0.243117
85	97	0.106878
85	98	0.0423292
85	99	0.0161941
86	86	1
86	87	0.367879
86	88	0.135335
86	89	0.0497871
86	90	0.00228186
86	91	0.00610273
86	92	0.0161941
86	93	0.0423292
86	94	0.106878
86	95	0.243117
86	96	0.367879
86	97	0.243117
86	98	0.106878
86	99	0.0423292
87	87	1
87	88	0.367879
87	89	0.135335
87	90	0.000849326
87	91	0.00228186
87	92	0.00610273
87	93	0.0161941
87	94	0.0423292
87	95	0.106878
87	96	0.243117
87	97	0.367879
87	98	0.243117
87	99	0.106878
88	88	1
88	89	0.367879
88	90	0.000315214
88	91	0.000849326
88	92	0.00228186
88	93	0.00610273
88	94	0.0161941
88	95	0.0423292
88	96	0.106878
88	97	0.243117
88	98	0.367879
88	99	0.243117
89	89	1
89	90	0.000116761
89	91	0.000315214
89	92	0.000849326
89	93	0.00228186
89	94	0.00610273
89	95	0.0161941
89	96	0.0423292
89	97	0.106878
89	98	0.243117
89	99	0.367879
90	90	1
90	91	0.367879
90	92	0.135335
90	93	0.0497871
90	94	0.0183156
90	95	0.00673795
90	96	0.00247875
90	97	0.000911882
90	98	0.000335463
90	99	0.00012341
91	91	1
91	92	0.367879
91	93	0.135335
91	94	0.0497871
91	95	0.0183156
91	96	0.00673795
91	97	0.00247875
91	98	0.000911882
91	99	0.000335463
92	92	1
92	93	0.367879
92	94	0.135335
92	95	0.0497871
92	96	0.0183156
92	97	0.00673795
92	98	0.00247875
92	99	0.000911882
93	93	1
93	94	0.367879
93	95	0.135335
93	96	0.0497871
93	97	0.0183156
93	98	0.00673795
93	99	0.00247875
94	94	1
94	95	0.367879
94	96	0.135335
94	97	0.0497871
94	98	0.0183156
94	99	0.00673795
95	95	1
95	96	0.367879
95	97	0.135335
95	98	0.0497871
95	99	0.0183156
96	96	1
96	97	0.367879
96	98	0.135335
96	99	0.0497871
97	97	1
97	98	0.367879
97	99	0.135335
98	98	1
98	99	0.367879
99	99	1
