area	x	y	region	density	0-18	19-65	65+	Male	Female
S02001236	-98.745	3939.96	S08000020	1	2000	4000	2000	50	50
S02001237	-96.7367	3940.86	S08000020	1	2000	4000	2000	50	50
S02001238	-94.8623	3941.1	S08000020	1	2000	4000	2000	50	50
S02001239	-92.7518	3941.47	S08000020	1	2000	4000	2000	50	50
S02001240	-92.1844	3942.24	S08000020	1	2000	4000	2000	50	50
S02001241	-93.0543	3941.86	S08000020	1	2000	4000	2000	50	50
S02001242	-93.3313	3942.27	S08000020	1	2000	4000	2000	50	50
S02001243	-94.0609	3942.58	S08000020	1	2000	4000	2000	50	50
S02001244	-93.8687	3943.28	S08000020	1	2000	4000	2000	50	50
S02001245	-92.7578	3943.43	S08000020	1	2000	4000	2000	50	50
S02001246	-91.8979	3943.3	S08000020	1	2000	4000	2000	50	50
S02001247	-92.42	3942.91	S08000020	1	2000	4000	2000	50	50
S02001248	-92.2657	3942.58	S08000020	1	2000	4000	2000	50	50
S02001249	-91.5178	3942.99	S08000020	1	2000	4000	2000	50	50
S02001250	-91.0387	3942.94	S08000020	1	2000	4000	2000	50	50
S02001251	-91.4377	3942.53	S08000020	1	2000	4000	2000	50	50
S02001252	-91.6824	3942.14	S08000020	1	2000	4000	2000	50	50
S02001253	-91.7007	3941.26	S08000020	1	2000	4000	2000	50	50
S02001254	-91.1433	3940.75	S08000020	1	2000	4000	2000	50	50
S02001255	-90.662	3939.81	S08000020	1	2000	4000	2000	50	50
S02001256	-90.6041	3940.88	S08000020	1	2000	4000	2000	50	50
S02001257	-90.6782	3942.3	S08000020	1	2000	4000	2000	50	50
S02001258	-90.115	3942.34	S08000020	1	2000	4000	2000	50	50
S02001259	-90.6404	3943.3	S08000020	1	2000	4000	2000	50	50
S02001260	-90.896	3943.66	S08000020	1	2000	4000	2000	50	50
S02001261	-91.3235	3943.47	S08000020	1	2000	4000	2000	50	50
S02001262	-91.9691	3943.9	S08000020	1	2000	4000	2000	50	50
S02001263	-91.3938	3944.08	S08000020	1	2000	4000	2000	50	50
S02001264	-90.9627	3944.27	S08000020	1	2000	4000	2000	50	50
S02001265	-91.0576	3944.69	S08000020	1	2000	4000	2000	50	50
S02001266	-91.9023	3944.83	S08000020	1	2000	4000	2000	50	50
S02001267	-92.4771	3944.78	S08000020	1	2000	4000	2000	50	50
S02001268	-92.4273	3944.47	S08000020	1	2000	4000	2000	50	50
S02001269	-92.8938	3944	S08000020	1	2000	4000	2000	50	50
S02001270	-93.7892	3943.67	S08000020	1	2000	4000	2000	50	50
S02001271	-94.4254	3943.69	S08000020	1	2000	4000	2000	50	50
S02001272	-93.3778	3944.17	S08000020	1	2000	4000	2000	50	50
S02001273	-93.9856	3944.42	S08000020	1	2000	4000	2000	50	50
S02001274	-93.5344	3944.74	S08000020	1	2000	4000	2000	50	50
S02001275	-96.4932	3944.31	S08000020	1	2000	4000	2000	50	50
S02001276	-94.452	3945.15	S08000020	1	2000	4000	2000	50	50
S02001277	-95.1103	3946.2	S08000020	1	2000	4000	2000	50	50
S02001278	-95.288	3947.28	S08000020	1	2000	4000	2000	50	50
S02001279	-92.734	3945.48	S08000020	1	2000	4000	2000	50	50
S02001280	-92.6036	3946.3	S08000020	1	2000	4000	2000	50	50
S02001281	-91.9314	3946.09	S08000020	1	2000	4000	2000	50	50
S02001282	-91.529	3945.51	S08000020	1	2000	4000	2000	50	50
S02001283	-90.9499	3945.66	S08000020	1	2000	4000	2000	50	50
S02001284	-91.1008	3946.74	S08000020	1	2000	4000	2000	50	50
S02001285	-135.992	3938.13	S08000020	1	2000	4000	2000	50	50
S02001286	-117.448	3936.75	S08000020	1	2000	4000	2000	50	50
S02001287	-108.263	3921.84	S08000020	1	2000	4000	2000	50	50
S02001288	-107.695	3918.93	S08000020	1	2000	4000	2000	50	50
S02001289	-102.547	3923.88	S08000020	1	2000	4000	2000	50	50
S02001290	-97.3563	3931.78	S08000020	1	2000	4000	2000	50	50
S02001291	-96.3666	3930.43	S08000020	1	2000	4000	2000	50	50
S02001292	-96.2495	3930.74	S08000020	1	2000	4000	2000	50	50
S02001293	-93.3824	3935.27	S08000020	1	2000	4000	2000	50	50
S02001294	-92.8874	3936.98	S08000020	1	2000	4000	2000	50	50
S02001295	-92.6349	3938.17	S08000020	1	2000	4000	2000	50	50
S02001296	-103.523	3940.07	S08000020	1	2000	4000	2000	50	50
S02001297	-107.861	3936.92	S08000020	1	2000	4000	2000	50	50
S02001298	-108.663	3936.7	S08000020	1	2000	4000	2000	50	50
S02001299	-111.454	3939.33	S08000020	1	2000	4000	2000	50	50
S02001300	-123.02	3945.07	S08000020	1	2000	4000	2000	50	50
S02001301	-114.134	3949.12	S08000020	1	2000	4000	2000	50	50
S02001302	-106.203	3949.32	S08000020	1	2000	4000	2000	50	50
S02001303	-103.908	3952.95	S08000020	1	2000	4000	2000	50	50
S02001304	-103.217	3952.45	S08000020	1	2000	4000	2000	50	50
S02001305	-105.774	3953.66	S08000020	1	2000	4000	2000	50	50
S02001306	-102.071	3949.39	S08000020	1	2000	4000	2000	50	50
S02001307	-99.697	3947.13	S08000020	1	2000	4000	2000	50	50
S02001308	-99.9082	3943.81	S08000020	1	2000	4000	2000	50	50
S02001309	-99.2503	3943.62	S08000020	1	2000	4000	2000	50	50
S02001310	-99.7123	3943.4	S08000020	1	2000	4000	2000	50	50
S02001311	-95.7203	3950.87	S08000020	1	2000	4000	2000	50	50
S02001312	-91.2323	3950	S08000020	1	2000	4000	2000	50	50
S02001313	-90.0807	3958.21	S08000020	1	2000	4000	2000	50	50
S02001314	-90.7182	3958.53	S08000020	1	2000	4000	2000	50	50
S02001315	-87.8947	3958.7	S08000020	1	2000	4000	2000	50	50
S02001316	-95.596	3957.55	S08000020	1	2000	4000	2000	50	50
S02001317	-101.425	3956.35	S08000020	1	2000	4000	2000	50	50
S02001318	-103.228	3962.26	S08000020	1	2000	4000	2000	50	50
S02001319	-112.604	3958.83	S08000020	1	2000	4000	2000	50	50
S02001320	-120.925	3960.58	S08000020	1	2000	4000	2000	50	50
S02001321	-121.03	3963.83	S08000020	1	2000	4000	2000	50	50
S02001322	-109.547	3968.87	S08000020	1	2000	4000	2000	50	50
S02001323	-106.857	3970.2	S08000020	1	2000	4000	2000	50	50
S02001324	-117.64	3977.34	S08000020	1	2000	4000	2000	50	50
S02001325	-113.243	3974.33	S08000020	1	2000	4000	2000	50	50
S02001326	-109.758	3978.88	S08000020	1	2000	4000	2000	50	50
S02001327	-108.263	3979.12	S08000020	1	2000	4000	2000	50	50
S02001328	-103.954	3975.5	S08000020	1	2000	4000	2000	50	50
S02001329	-97.3908	3973.68	S08000020	1	2000	4000	2000	50	50
S02001330	-92.1374	3970.55	S08000020	1	2000	4000	2000	50	50
S02001331	-87.0989	3969.09	S08000020	1	2000	4000	2000	50	50
S02001332	-91.9597	3965.66	S08000020	1	2000	4000	2000	50	50
S02001333	-80.9798	3962.99	S08000020	1	2000	4000	2000	50	50
S02001334	-78.2799	3967.25	S08000020	1	2000	4000	2000	50	50
S02001335	-78.0777	3967.77	S08000020	1	2000	4000	2000	50	50
S02001336	-77.4763	3968.03	S08000020	1	2000	4000	2000	50	50
S02001337	-78.5652	3968.27	S08000020	1	2000	4000	2000	50	50
S02001338	-82.5232	3970.49	S08000020	1	2000	4000	2000	50	50
S02001339	-88.1665	3978.97	S08000020	1	2000	4000	2000	50	50
S02001340	-87.5239	3980.06	S08000020	1	2000	4000	2000	50	50
S02001341	-88.059	3980.32	S08000020	1	2000	4000	2000	50	50
S02001342	-87.454	3980.54	S08000020	1	2000	4000	2000	50	50
S02001343	-87.3632	3980.83	S08000020	1	2000	4000	2000	50	50
S02001344	-132.528	3898.86	S08000030	1	2000	4000	2000	50	50
S02001345	-122.114	3899.25	S08000030	1	2000	4000	2000	50	50
S02001346	-123.074	3897.09	S08000030	1	2000	4000	2000	50	50
S02001347	-122.428	3897.43	S08000030	1	2000	4000	2000	50	50
S02001348	-118.548	3898.45	S08000030	1	2000	4000	2000	50	50
S02001349	-117.703	3898.75	S08000030	1	2000	4000	2000	50	50
S02001350	-114.605	3903.94	S08000030	1	2000	4000	2000	50	50
S02001351	-113.373	3902.88	S08000030	1	2000	4000	2000	50	50
S02001352	-112.872	3902.63	S08000030	1	2000	4000	2000	50	50
S02001353	-112.197	3902.6	S08000030	1	2000	4000	2000	50	50
S02001354	-111.625	3903.14	S08000030	1	2000	4000	2000	50	50
S02001355	-112.316	3903.27	S08000030	1	2000	4000	2000	50	50
S02001356	-108.527	3910.47	S08000030	1	2000	4000	2000	50	50
S02001357	-107.084	3913.03	S08000030	1	2000	4000	2000	50	50
S02001358	-107.171	3913.79	S08000030	1	2000	4000	2000	50	50
S02001359	-108.453	3915.31	S08000030	1	2000	4000	2000	50	50
S02001360	-116.15	3911.23	S08000030	1	2000	4000	2000	50	50
S02001361	-115.04	3914.32	S08000030	1	2000	4000	2000	50	50
S02001362	-115.612	3914.66	S08000030	1	2000	4000	2000	50	50
S02001363	-124.17	3907.03	S08000030	1	2000	4000	2000	50	50
S02001364	-125.202	3908.82	S08000030	1	2000	4000	2000	50	50
S02001365	-125.362	3908.4	S08000030	1	2000	4000	2000	50	50
S02001366	-126.003	3908.01	S08000030	1	2000	4000	2000	50	50
S02001367	-133.013	3907.78	S08000030	1	2000	4000	2000	50	50
S02001368	-130.547	3910.57	S08000030	1	2000	4000	2000	50	50
S02001369	-127.093	3915.59	S08000030	1	2000	4000	2000	50	50
S02001370	-271.919	3898.73	S08000022	1	2000	4000	2000	50	50
S02001371	-237.719	3892.12	S08000022	1	2000	4000	2000	50	50
S02001372	-237.66	3892.81	S08000022	1	2000	4000	2000	50	50
S02001373	-233.327	3895.65	S08000022	1	2000	4000	2000	50	50
S02001374	-230.26	3886.85	S08000022	1	2000	4000	2000	50	50
S02001375	-230.305	3874.54	S08000022	1	2000	4000	2000	50	50
S02001376	-235.974	3866.1	S08000022	1	2000	4000	2000	50	50
S02001377	-237.964	3856.63	S08000022	1	2000	4000	2000	50	50
S02001378	-270.568	3846.79	S08000022	1	2000	4000	2000	50	50
S02001379	-244.078	3828.45	S08000022	1	2000	4000	2000	50	50
S02001380	-243.502	3824.34	S08000022	1	2000	4000	2000	50	50
S02001381	-219.669	3852.41	S08000022	1	2000	4000	2000	50	50
S02001382	-219.613	3852.68	S08000022	1	2000	4000	2000	50	50
S02001383	-222.014	3857.87	S08000022	1	2000	4000	2000	50	50
S02001384	-212.213	3873.17	S08000022	1	2000	4000	2000	50	50
S02001385	-213.921	3861.68	S08000022	1	2000	4000	2000	50	50
S02001386	-214.092	3860.54	S08000022	1	2000	4000	2000	50	50
S02001387	-209.673	3866.51	S08000022	1	2000	4000	2000	50	50
S02001388	-206.883	3865.03	S08000022	1	2000	4000	2000	50	50
S02001389	-205.238	3864.73	S08000022	1	2000	4000	2000	50	50
S02001390	-205.606	3864.32	S08000022	1	2000	4000	2000	50	50
S02001391	-204.703	3864.02	S08000022	1	2000	4000	2000	50	50
S02001392	-202.249	3863.27	S08000022	1	2000	4000	2000	50	50
S02001393	-166.753	3873.04	S08000019	1	2000	4000	2000	50	50
S02001394	-166.463	3873.52	S08000019	1	2000	4000	2000	50	50
S02001395	-167.307	3874.35	S08000019	1	2000	4000	2000	50	50
S02001396	-165.122	3874.54	S08000019	1	2000	4000	2000	50	50
S02001397	-162.795	3873.9	S08000019	1	2000	4000	2000	50	50
S02001398	-162.489	3874.63	S08000019	1	2000	4000	2000	50	50
S02001399	-158.994	3875.56	S08000019	1	2000	4000	2000	50	50
S02001400	-162.642	3871.41	S08000019	1	2000	4000	2000	50	50
S02001401	-164.12	3872.81	S08000019	1	2000	4000	2000	50	50
S02001402	-164.65	3871.84	S08000019	1	2000	4000	2000	50	50
S02001403	-165.118	3872.5	S08000019	1	2000	4000	2000	50	50
S02001404	-165.245	3872.07	S08000019	1	2000	4000	2000	50	50
S02001405	-218.852	3788.54	S08000017	1	2000	4000	2000	50	50
S02001406	-218.081	3788.38	S08000017	1	2000	4000	2000	50	50
S02001407	-218.337	3787.88	S08000017	1	2000	4000	2000	50	50
S02001408	-219.8	3788.26	S08000017	1	2000	4000	2000	50	50
S02001409	-215.245	3778.96	S08000017	1	2000	4000	2000	50	50
S02001410	-204.41	3788.52	S08000017	1	2000	4000	2000	50	50
S02001411	-193.774	3780.64	S08000017	1	2000	4000	2000	50	50
S02001412	-193.517	3791.57	S08000017	1	2000	4000	2000	50	50
S02001413	-179.584	3786.82	S08000017	1	2000	4000	2000	50	50
S02001414	-174.138	3784.97	S08000017	1	2000	4000	2000	50	50
S02001415	-170.041	3790.72	S08000017	1	2000	4000	2000	50	50
S02001416	-165.995	3790.26	S08000017	1	2000	4000	2000	50	50
S02001417	-164.166	3791.75	S08000017	1	2000	4000	2000	50	50
S02001418	-174.913	3799.2	S08000017	1	2000	4000	2000	50	50
S02001419	-171.016	3821.1	S08000017	1	2000	4000	2000	50	50
S02001420	-165.529	3811.66	S08000017	1	2000	4000	2000	50	50
S02001421	-159.044	3805.83	S08000017	1	2000	4000	2000	50	50
S02001422	-159.579	3800.75	S08000017	1	2000	4000	2000	50	50
S02001423	-157.914	3800.73	S08000017	1	2000	4000	2000	50	50
S02001424	-157.395	3799.99	S08000017	1	2000	4000	2000	50	50
S02001425	-157.055	3799.31	S08000017	1	2000	4000	2000	50	50
S02001426	-157.724	3795.69	S08000017	1	2000	4000	2000	50	50
S02001427	-154.929	3797.57	S08000017	1	2000	4000	2000	50	50
S02001428	-155.538	3799.13	S08000017	1	2000	4000	2000	50	50
S02001429	-155.451	3799.49	S08000017	1	2000	4000	2000	50	50
S02001430	-156.682	3799.75	S08000017	1	2000	4000	2000	50	50
S02001431	-156.32	3800.07	S08000017	1	2000	4000	2000	50	50
S02001432	-155.526	3802.13	S08000017	1	2000	4000	2000	50	50
S02001433	-155.465	3801.5	S08000017	1	2000	4000	2000	50	50
S02001434	-154.222	3799.95	S08000017	1	2000	4000	2000	50	50
S02001435	-149.272	3803.86	S08000017	1	2000	4000	2000	50	50
S02001436	-146.176	3804.46	S08000017	1	2000	4000	2000	50	50
S02001437	-149.335	3817.06	S08000017	1	2000	4000	2000	50	50
S02001438	-130.845	3805.75	S08000017	1	2000	4000	2000	50	50
S02001439	-138.92	3801.02	S08000017	1	2000	4000	2000	50	50
S02001440	-144.823	3797.56	S08000017	1	2000	4000	2000	50	50
S02001441	-141.656	3794.08	S08000017	1	2000	4000	2000	50	50
S02001442	-140.815	3794.66	S08000017	1	2000	4000	2000	50	50
S02001443	-138.952	3793.81	S08000017	1	2000	4000	2000	50	50
S02001444	-133.38	3794.84	S08000017	1	2000	4000	2000	50	50
S02001445	-130.802	3895.6	S08000030	1	2000	4000	2000	50	50
S02001446	-129.812	3895.75	S08000030	1	2000	4000	2000	50	50
S02001447	-130.078	3895.98	S08000030	1	2000	4000	2000	50	50
S02001448	-129.162	3895.85	S08000030	1	2000	4000	2000	50	50
S02001449	-128.699	3896.05	S08000030	1	2000	4000	2000	50	50
S02001450	-129.206	3896.54	S08000030	1	2000	4000	2000	50	50
S02001451	-128.918	3896.87	S08000030	1	2000	4000	2000	50	50
S02001452	-128.499	3896.46	S08000030	1	2000	4000	2000	50	50
S02001453	-128.155	3896.84	S08000030	1	2000	4000	2000	50	50
S02001454	-127.229	3896.43	S08000030	1	2000	4000	2000	50	50
S02001455	-126.592	3897.06	S08000030	1	2000	4000	2000	50	50
S02001456	-125.945	3896.62	S08000030	1	2000	4000	2000	50	50
S02001457	-125.923	3897.05	S08000030	1	2000	4000	2000	50	50
S02001458	-124.938	3896.38	S08000030	1	2000	4000	2000	50	50
S02001459	-124.579	3896.83	S08000030	1	2000	4000	2000	50	50
S02001460	-123.961	3896.7	S08000030	1	2000	4000	2000	50	50
S02001461	-125.128	3897.47	S08000030	1	2000	4000	2000	50	50
S02001462	-127.054	3897.82	S08000030	1	2000	4000	2000	50	50
S02001463	-128.012	3897.9	S08000030	1	2000	4000	2000	50	50
S02001464	-127.505	3897.19	S08000030	1	2000	4000	2000	50	50
S02001465	-129.319	3897.65	S08000030	1	2000	4000	2000	50	50
S02001466	-129.658	3898	S08000030	1	2000	4000	2000	50	50
S02001467	-130.364	3897.94	S08000030	1	2000	4000	2000	50	50
S02001468	-130.111	3897.06	S08000030	1	2000	4000	2000	50	50
S02001469	-129.944	3896.56	S08000030	1	2000	4000	2000	50	50
S02001470	-130.928	3896.24	S08000030	1	2000	4000	2000	50	50
S02001471	-131.953	3896.26	S08000030	1	2000	4000	2000	50	50
S02001472	-131.912	3896.73	S08000030	1	2000	4000	2000	50	50
S02001473	-130.991	3896.73	S08000030	1	2000	4000	2000	50	50
S02001474	-130.898	3897.68	S08000030	1	2000	4000	2000	50	50
S02001475	-132.357	3896.86	S08000030	1	2000	4000	2000	50	50
S02001476	-190.834	3817.4	S08000015	1	2000	4000	2000	50	50
S02001477	-196.993	3821.2	S08000015	1	2000	4000	2000	50	50
S02001478	-189.932	3828.35	S08000015	1	2000	4000	2000	50	50
S02001479	-193.769	3825.01	S08000015	1	2000	4000	2000	50	50
S02001480	-190.206	3830.57	S08000015	1	2000	4000	2000	50	50
S02001481	-182.562	3828.07	S08000015	1	2000	4000	2000	50	50
S02001482	-181.54	3822.15	S08000015	1	2000	4000	2000	50	50
S02001483	-184.716	3825.79	S08000015	1	2000	4000	2000	50	50
S02001484	-185.264	3826.36	S08000015	1	2000	4000	2000	50	50
S02001485	-186.41	3827.56	S08000015	1	2000	4000	2000	50	50
S02001486	-193.357	3841.15	S08000015	1	2000	4000	2000	50	50
S02001487	-195.884	3842.06	S08000015	1	2000	4000	2000	50	50
S02001488	-196.466	3842.03	S08000015	1	2000	4000	2000	50	50
S02001489	-185.995	3837.12	S08000015	1	2000	4000	2000	50	50
S02001490	-187.968	3836.88	S08000015	1	2000	4000	2000	50	50
S02001491	-190.321	3836.35	S08000015	1	2000	4000	2000	50	50
S02001492	-193.57	3836.55	S08000015	1	2000	4000	2000	50	50
S02001493	-195.308	3835.43	S08000015	1	2000	4000	2000	50	50
S02001494	-194.903	3835.79	S08000015	1	2000	4000	2000	50	50
S02001495	-195.213	3836.3	S08000015	1	2000	4000	2000	50	50
S02001496	-194.751	3836.87	S08000015	1	2000	4000	2000	50	50
S02001497	-194.412	3837.28	S08000015	1	2000	4000	2000	50	50
S02001498	-194.334	3837.79	S08000015	1	2000	4000	2000	50	50
S02001499	-194.867	3838.53	S08000015	1	2000	4000	2000	50	50
S02001500	-195.48	3838.26	S08000015	1	2000	4000	2000	50	50
S02001501	-195.394	3837.69	S08000015	1	2000	4000	2000	50	50
S02001502	-195.559	3837.08	S08000015	1	2000	4000	2000	50	50
S02001503	-196.107	3836.59	S08000015	1	2000	4000	2000	50	50
S02001504	-197.211	3837.6	S08000015	1	2000	4000	2000	50	50
S02001505	-196.752	3839.09	S08000015	1	2000	4000	2000	50	50
S02001506	-188.746	3860.1	S08000031	1	2000	4000	2000	50	50
S02001507	-188.062	3860.23	S08000031	1	2000	4000	2000	50	50
S02001508	-187.338	3860.17	S08000031	1	2000	4000	2000	50	50
S02001509	-187.403	3859.76	S08000031	1	2000	4000	2000	50	50
S02001510	-187.681	3858.98	S08000031	1	2000	4000	2000	50	50
S02001511	-188.205	3858.85	S08000031	1	2000	4000	2000	50	50
S02001512	-188.995	3859.17	S08000031	1	2000	4000	2000	50	50
S02001513	-188.796	3858.6	S08000031	1	2000	4000	2000	50	50
S02001514	-188.579	3857.79	S08000031	1	2000	4000	2000	50	50
S02001515	-188.03	3857.59	S08000031	1	2000	4000	2000	50	50
S02001516	-187.656	3858.34	S08000031	1	2000	4000	2000	50	50
S02001517	-187.313	3857.98	S08000031	1	2000	4000	2000	50	50
S02001518	-183.29	3859.72	S08000031	1	2000	4000	2000	50	50
S02001519	-183.521	3858.11	S08000031	1	2000	4000	2000	50	50
S02001520	-183.456	3857.6	S08000031	1	2000	4000	2000	50	50
S02001521	-182.964	3857.15	S08000031	1	2000	4000	2000	50	50
S02001522	-182.472	3857.35	S08000031	1	2000	4000	2000	50	50
S02001523	-182.701	3857.61	S08000031	1	2000	4000	2000	50	50
S02001524	-180.818	3858.87	S08000031	1	2000	4000	2000	50	50
S02001525	-180.126	3858.43	S08000031	1	2000	4000	2000	50	50
S02001526	-180.098	3859.32	S08000031	1	2000	4000	2000	50	50
S02001527	-180.693	3859.84	S08000031	1	2000	4000	2000	50	50
S02001528	-179.846	3859.83	S08000031	1	2000	4000	2000	50	50
S02001529	-179.037	3859.39	S08000031	1	2000	4000	2000	50	50
S02001530	-177.953	3860.63	S08000031	1	2000	4000	2000	50	50
S02001531	-179.46	3860.19	S08000031	1	2000	4000	2000	50	50
S02001532	-180.698	3861.4	S08000031	1	2000	4000	2000	50	50
S02001533	-182.562	3862.28	S08000031	1	2000	4000	2000	50	50
S02001534	-131.328	3859.21	S08000024	1	2000	4000	2000	50	50
S02001535	-132.901	3859.56	S08000024	1	2000	4000	2000	50	50
S02001536	-133.285	3859.91	S08000024	1	2000	4000	2000	50	50
S02001537	-132.61	3860.14	S08000024	1	2000	4000	2000	50	50
S02001538	-132.036	3859.94	S08000024	1	2000	4000	2000	50	50
S02001539	-131.275	3860.04	S08000024	1	2000	4000	2000	50	50
S02001540	-129.64	3861.06	S08000024	1	2000	4000	2000	50	50
S02001541	-129.091	3861.08	S08000024	1	2000	4000	2000	50	50
S02001542	-128.096	3861.96	S08000024	1	2000	4000	2000	50	50
S02001543	-128.366	3860.19	S08000024	1	2000	4000	2000	50	50
S02001544	-128.48	3859.88	S08000024	1	2000	4000	2000	50	50
S02001545	-127.753	3857.94	S08000024	1	2000	4000	2000	50	50
S02001546	-125.426	3862.09	S08000024	1	2000	4000	2000	50	50
S02001547	-122.165	3858.36	S08000024	1	2000	4000	2000	50	50
S02001548	-121.132	3861.05	S08000024	1	2000	4000	2000	50	50
S02001549	-120.653	3860.89	S08000024	1	2000	4000	2000	50	50
S02001550	-121.679	3866.19	S08000024	1	2000	4000	2000	50	50
S02001551	-118.457	3867.99	S08000024	1	2000	4000	2000	50	50
S02001552	-118.185	3867.36	S08000024	1	2000	4000	2000	50	50
S02001553	-112.492	3863.06	S08000024	1	2000	4000	2000	50	50
S02001554	-109.898	3863.86	S08000024	1	2000	4000	2000	50	50
S02001555	-109.161	3863.93	S08000024	1	2000	4000	2000	50	50
S02001556	-193.128	3848.72	S08000031	1	2000	4000	2000	50	50
S02001557	-191.102	3850.74	S08000031	1	2000	4000	2000	50	50
S02001558	-190.679	3850.4	S08000031	1	2000	4000	2000	50	50
S02001559	-191.035	3849.84	S08000031	1	2000	4000	2000	50	50
S02001560	-190.278	3849.82	S08000031	1	2000	4000	2000	50	50
S02001561	-188.374	3849.01	S08000031	1	2000	4000	2000	50	50
S02001562	-188.406	3848.38	S08000031	1	2000	4000	2000	50	50
S02001563	-187.419	3848.79	S08000031	1	2000	4000	2000	50	50
S02001564	-188.286	3847.83	S08000031	1	2000	4000	2000	50	50
S02001565	-185.789	3846.36	S08000031	1	2000	4000	2000	50	50
S02001566	-186.808	3848.48	S08000031	1	2000	4000	2000	50	50
S02001567	-185.309	3848.82	S08000031	1	2000	4000	2000	50	50
S02001568	-185.857	3849.29	S08000031	1	2000	4000	2000	50	50
S02001569	-186.284	3849.55	S08000031	1	2000	4000	2000	50	50
S02001570	-185.45	3849.76	S08000031	1	2000	4000	2000	50	50
S02001571	-185.527	3850.42	S08000031	1	2000	4000	2000	50	50
S02001572	-186.217	3850.62	S08000031	1	2000	4000	2000	50	50
S02001573	-186.69	3849.92	S08000031	1	2000	4000	2000	50	50
S02001574	-186.774	3850.77	S08000031	1	2000	4000	2000	50	50
S02001575	-187.251	3850.36	S08000031	1	2000	4000	2000	50	50
S02001576	-145.274	3855.89	S08000024	1	2000	4000	2000	50	50
S02001577	-144.267	3857.05	S08000024	1	2000	4000	2000	50	50
S02001578	-143.524	3857.04	S08000024	1	2000	4000	2000	50	50
S02001579	-142.737	3857.62	S08000024	1	2000	4000	2000	50	50
S02001580	-141.718	3857.31	S08000024	1	2000	4000	2000	50	50
S02001581	-141.229	3857.82	S08000024	1	2000	4000	2000	50	50
S02001582	-142.382	3857.96	S08000024	1	2000	4000	2000	50	50
S02001583	-142.997	3858.38	S08000024	1	2000	4000	2000	50	50
S02001584	-142.358	3858.39	S08000024	1	2000	4000	2000	50	50
S02001585	-142.482	3858.66	S08000024	1	2000	4000	2000	50	50
S02001586	-142.585	3858.95	S08000024	1	2000	4000	2000	50	50
S02001587	-141.631	3859.34	S08000024	1	2000	4000	2000	50	50
S02001588	-141.652	3858.78	S08000024	1	2000	4000	2000	50	50
S02001589	-140.776	3859.28	S08000024	1	2000	4000	2000	50	50
S02001590	-140.701	3859.64	S08000024	1	2000	4000	2000	50	50
S02001591	-140.197	3859.86	S08000024	1	2000	4000	2000	50	50
S02001592	-140.234	3859.45	S08000024	1	2000	4000	2000	50	50
S02001593	-140.74	3858.61	S08000024	1	2000	4000	2000	50	50
S02001594	-139.767	3858.71	S08000024	1	2000	4000	2000	50	50
S02001595	-139.692	3858.24	S08000024	1	2000	4000	2000	50	50
S02001596	-140.277	3857.82	S08000024	1	2000	4000	2000	50	50
S02001597	-140.04	3857.58	S08000024	1	2000	4000	2000	50	50
S02001598	-139.671	3857.41	S08000024	1	2000	4000	2000	50	50
S02001599	-139.035	3857.35	S08000024	1	2000	4000	2000	50	50
S02001600	-136.58	3857.08	S08000024	1	2000	4000	2000	50	50
S02001601	-137.659	3857.33	S08000024	1	2000	4000	2000	50	50
S02001602	-137.146	3857.25	S08000024	1	2000	4000	2000	50	50
S02001603	-136.445	3857.41	S08000024	1	2000	4000	2000	50	50
S02001604	-136.029	3857.88	S08000024	1	2000	4000	2000	50	50
S02001605	-136.383	3858.07	S08000024	1	2000	4000	2000	50	50
S02001606	-136.851	3857.9	S08000024	1	2000	4000	2000	50	50
S02001607	-137.519	3858.01	S08000024	1	2000	4000	2000	50	50
S02001608	-137.092	3858.44	S08000024	1	2000	4000	2000	50	50
S02001609	-137.888	3858.93	S08000024	1	2000	4000	2000	50	50
S02001610	-137.145	3859.15	S08000024	1	2000	4000	2000	50	50
S02001611	-137.809	3859.7	S08000024	1	2000	4000	2000	50	50
S02001612	-138.52	3859.4	S08000024	1	2000	4000	2000	50	50
S02001613	-138.47	3859.73	S08000024	1	2000	4000	2000	50	50
S02001614	-138.911	3859.65	S08000024	1	2000	4000	2000	50	50
S02001615	-139.289	3859.02	S08000024	1	2000	4000	2000	50	50
S02001616	-139.528	3859.37	S08000024	1	2000	4000	2000	50	50
S02001617	-139.43	3859.75	S08000024	1	2000	4000	2000	50	50
S02001618	-139.928	3859.71	S08000024	1	2000	4000	2000	50	50
S02001619	-139.694	3860.07	S08000024	1	2000	4000	2000	50	50
S02001620	-139.259	3860.27	S08000024	1	2000	4000	2000	50	50
S02001621	-138.488	3860.02	S08000024	1	2000	4000	2000	50	50
S02001622	-138.606	3860.65	S08000024	1	2000	4000	2000	50	50
S02001623	-138.138	3860.38	S08000024	1	2000	4000	2000	50	50
S02001624	-137.639	3860.9	S08000024	1	2000	4000	2000	50	50
S02001625	-137.358	3861.09	S08000024	1	2000	4000	2000	50	50
S02001626	-136.625	3860.52	S08000024	1	2000	4000	2000	50	50
S02001627	-136.086	3859.16	S08000024	1	2000	4000	2000	50	50
S02001628	-135.634	3859.32	S08000024	1	2000	4000	2000	50	50
S02001629	-135.246	3859.96	S08000024	1	2000	4000	2000	50	50
S02001630	-134.661	3859.56	S08000024	1	2000	4000	2000	50	50
S02001631	-134.541	3860.42	S08000024	1	2000	4000	2000	50	50
S02001632	-135.301	3860.8	S08000024	1	2000	4000	2000	50	50
S02001633	-135.677	3860.25	S08000024	1	2000	4000	2000	50	50
S02001634	-136.107	3860.74	S08000024	1	2000	4000	2000	50	50
S02001635	-136.406	3860.68	S08000024	1	2000	4000	2000	50	50
S02001636	-135.826	3861.07	S08000024	1	2000	4000	2000	50	50
S02001637	-136.595	3861.22	S08000024	1	2000	4000	2000	50	50
S02001638	-137.005	3861.44	S08000024	1	2000	4000	2000	50	50
S02001639	-137.168	3861.77	S08000024	1	2000	4000	2000	50	50
S02001640	-137.733	3862.43	S08000024	1	2000	4000	2000	50	50
S02001641	-138.396	3862.49	S08000024	1	2000	4000	2000	50	50
S02001642	-137.607	3862.29	S08000024	1	2000	4000	2000	50	50
S02001643	-137.913	3862.08	S08000024	1	2000	4000	2000	50	50
S02001644	-137.664	3861.77	S08000024	1	2000	4000	2000	50	50
S02001645	-137.595	3861.38	S08000024	1	2000	4000	2000	50	50
S02001646	-137.935	3861.44	S08000024	1	2000	4000	2000	50	50
S02001647	-137.973	3861.25	S08000024	1	2000	4000	2000	50	50
S02001648	-138.087	3861.7	S08000024	1	2000	4000	2000	50	50
S02001649	-138.399	3862.05	S08000024	1	2000	4000	2000	50	50
S02001650	-138.768	3862.37	S08000024	1	2000	4000	2000	50	50
S02001651	-139.392	3862.29	S08000024	1	2000	4000	2000	50	50
S02001652	-139.355	3861.78	S08000024	1	2000	4000	2000	50	50
S02001653	-138.742	3861.56	S08000024	1	2000	4000	2000	50	50
S02001654	-138.36	3861.49	S08000024	1	2000	4000	2000	50	50
S02001655	-138.521	3861.16	S08000024	1	2000	4000	2000	50	50
S02001656	-139.021	3860.91	S08000024	1	2000	4000	2000	50	50
S02001657	-138.934	3861.23	S08000024	1	2000	4000	2000	50	50
S02001658	-139.467	3861.16	S08000024	1	2000	4000	2000	50	50
S02001659	-140.045	3861.18	S08000024	1	2000	4000	2000	50	50
S02001660	-139.887	3860.38	S08000024	1	2000	4000	2000	50	50
S02001661	-141.074	3860.04	S08000024	1	2000	4000	2000	50	50
S02001662	-140.839	3860.57	S08000024	1	2000	4000	2000	50	50
S02001663	-140.405	3861.26	S08000024	1	2000	4000	2000	50	50
S02001664	-141.549	3861.11	S08000024	1	2000	4000	2000	50	50
S02001665	-141.005	3861.55	S08000024	1	2000	4000	2000	50	50
S02001666	-140.873	3862	S08000024	1	2000	4000	2000	50	50
S02001667	-140.121	3862.18	S08000024	1	2000	4000	2000	50	50
S02001668	-140.108	3862.47	S08000024	1	2000	4000	2000	50	50
S02001669	-140.38	3862.55	S08000024	1	2000	4000	2000	50	50
S02001670	-141.135	3862.36	S08000024	1	2000	4000	2000	50	50
S02001671	-141.505	3861.99	S08000024	1	2000	4000	2000	50	50
S02001672	-142.093	3861.75	S08000024	1	2000	4000	2000	50	50
S02001673	-143.403	3862.14	S08000024	1	2000	4000	2000	50	50
S02001674	-143.659	3861.44	S08000024	1	2000	4000	2000	50	50
S02001675	-142.875	3861	S08000024	1	2000	4000	2000	50	50
S02001676	-143.484	3860.89	S08000024	1	2000	4000	2000	50	50
S02001677	-143.403	3860.3	S08000024	1	2000	4000	2000	50	50
S02001678	-142.729	3860.51	S08000024	1	2000	4000	2000	50	50
S02001679	-142.51	3860.04	S08000024	1	2000	4000	2000	50	50
S02001680	-142.176	3859.66	S08000024	1	2000	4000	2000	50	50
S02001681	-142.619	3859.51	S08000024	1	2000	4000	2000	50	50
S02001682	-143.43	3859.23	S08000024	1	2000	4000	2000	50	50
S02001683	-145.916	3859.47	S08000024	1	2000	4000	2000	50	50
S02001684	-147.406	3860.99	S08000024	1	2000	4000	2000	50	50
S02001685	-147.386	3863.07	S08000024	1	2000	4000	2000	50	50
S02001686	-148.185	3863.2	S08000024	1	2000	4000	2000	50	50
S02001687	-321.038	3942.69	S08000028	1	2000	4000	2000	50	50
S02001688	-317.879	3970.29	S08000028	1	2000	4000	2000	50	50
S02001689	-297.823	3992.56	S08000028	1	2000	4000	2000	50	50
S02001690	-289.605	4011.77	S08000028	1	2000	4000	2000	50	50
S02001691	-282.752	4028	S08000028	1	2000	4000	2000	50	50
S02001692	-274.189	4020.98	S08000028	1	2000	4000	2000	50	50
S02001693	-277.415	4016.68	S08000028	1	2000	4000	2000	50	50
S02001694	-276.847	4016.72	S08000028	1	2000	4000	2000	50	50
S02001695	-271.882	4016.9	S08000028	1	2000	4000	2000	50	50
S02001696	-170.096	3866.04	S08000019	1	2000	4000	2000	50	50
S02001697	-169.906	3865.48	S08000019	1	2000	4000	2000	50	50
S02001698	-170.023	3865.14	S08000019	1	2000	4000	2000	50	50
S02001699	-169.833	3864.3	S08000019	1	2000	4000	2000	50	50
S02001700	-171.185	3863.3	S08000019	1	2000	4000	2000	50	50
S02001701	-168.867	3864.26	S08000019	1	2000	4000	2000	50	50
S02001702	-168.186	3863.71	S08000019	1	2000	4000	2000	50	50
S02001703	-166.509	3866.21	S08000019	1	2000	4000	2000	50	50
S02001704	-166.407	3865.42	S08000019	1	2000	4000	2000	50	50
S02001705	-165.849	3865.68	S08000019	1	2000	4000	2000	50	50
S02001706	-165.342	3865.87	S08000019	1	2000	4000	2000	50	50
S02001707	-165.241	3866.32	S08000019	1	2000	4000	2000	50	50
S02001708	-164.584	3865.8	S08000019	1	2000	4000	2000	50	50
S02001709	-164.249	3866.02	S08000019	1	2000	4000	2000	50	50
S02001710	-163.651	3867.1	S08000019	1	2000	4000	2000	50	50
S02001711	-164.352	3865.23	S08000019	1	2000	4000	2000	50	50
S02001712	-164.635	3864.93	S08000019	1	2000	4000	2000	50	50
S02001713	-164.354	3864.22	S08000019	1	2000	4000	2000	50	50
S02001714	-163.624	3864.5	S08000019	1	2000	4000	2000	50	50
S02001715	-164.211	3863.9	S08000019	1	2000	4000	2000	50	50
S02001716	-164.865	3863.91	S08000019	1	2000	4000	2000	50	50
S02001717	-165.655	3864.24	S08000019	1	2000	4000	2000	50	50
S02001718	-166.316	3864.24	S08000019	1	2000	4000	2000	50	50
S02001719	-165.902	3863.86	S08000019	1	2000	4000	2000	50	50
S02001720	-165.146	3863.21	S08000019	1	2000	4000	2000	50	50
S02001721	-164.079	3863.05	S08000019	1	2000	4000	2000	50	50
S02001722	-163.855	3862.17	S08000019	1	2000	4000	2000	50	50
S02001723	-163.552	3860.23	S08000019	1	2000	4000	2000	50	50
S02001724	-162.477	3862.83	S08000019	1	2000	4000	2000	50	50
S02001725	-161.558	3862.65	S08000019	1	2000	4000	2000	50	50
S02001726	-160.773	3862.15	S08000019	1	2000	4000	2000	50	50
S02001727	-160.953	3863.71	S08000019	1	2000	4000	2000	50	50
S02001728	-162.063	3863.22	S08000019	1	2000	4000	2000	50	50
S02001729	-162.69	3863.63	S08000019	1	2000	4000	2000	50	50
S02001730	-162.003	3864.47	S08000019	1	2000	4000	2000	50	50
S02001731	-161.561	3865.23	S08000019	1	2000	4000	2000	50	50
S02001732	-161.134	3864.79	S08000019	1	2000	4000	2000	50	50
S02001733	-161.45	3864.3	S08000019	1	2000	4000	2000	50	50
S02001734	-157.356	3864.42	S08000019	1	2000	4000	2000	50	50
S02001735	-156.581	3864.53	S08000019	1	2000	4000	2000	50	50
S02001736	-156.797	3865.05	S08000019	1	2000	4000	2000	50	50
S02001737	-155.566	3864.77	S08000019	1	2000	4000	2000	50	50
S02001738	-161.284	3868.87	S08000029	1	2000	4000	2000	50	50
S02001739	-155.438	3869.93	S08000029	1	2000	4000	2000	50	50
S02001740	-153.637	3871.16	S08000029	1	2000	4000	2000	50	50
S02001741	-156.226	3868.2	S08000029	1	2000	4000	2000	50	50
S02001742	-153.546	3867.97	S08000029	1	2000	4000	2000	50	50
S02001743	-151.564	3867.48	S08000029	1	2000	4000	2000	50	50
S02001744	-151.008	3869.62	S08000029	1	2000	4000	2000	50	50
S02001745	-150.667	3869.19	S08000029	1	2000	4000	2000	50	50
S02001746	-149.857	3869.4	S08000029	1	2000	4000	2000	50	50
S02001747	-149.98	3868.75	S08000029	1	2000	4000	2000	50	50
S02001748	-149.767	3868.41	S08000029	1	2000	4000	2000	50	50
S02001749	-149.369	3869.02	S08000029	1	2000	4000	2000	50	50
S02001750	-148.992	3869.94	S08000029	1	2000	4000	2000	50	50
S02001751	-148.114	3869	S08000029	1	2000	4000	2000	50	50
S02001752	-148.971	3868.85	S08000029	1	2000	4000	2000	50	50
S02001753	-148.76	3868.6	S08000029	1	2000	4000	2000	50	50
S02001754	-148.622	3868.33	S08000029	1	2000	4000	2000	50	50
S02001755	-147.864	3868.2	S08000029	1	2000	4000	2000	50	50
S02001756	-147.7	3867.71	S08000029	1	2000	4000	2000	50	50
S02001757	-148.678	3867.74	S08000029	1	2000	4000	2000	50	50
S02001758	-149.332	3868.01	S08000029	1	2000	4000	2000	50	50
S02001759	-149.098	3866.91	S08000029	1	2000	4000	2000	50	50
S02001760	-148.373	3866.78	S08000029	1	2000	4000	2000	50	50
S02001761	-148.575	3866.49	S08000029	1	2000	4000	2000	50	50
S02001762	-149.107	3865.96	S08000029	1	2000	4000	2000	50	50
S02001763	-147.617	3865.68	S08000029	1	2000	4000	2000	50	50
S02001764	-147.221	3866.19	S08000029	1	2000	4000	2000	50	50
S02001765	-146.285	3866.54	S08000029	1	2000	4000	2000	50	50
S02001766	-145.885	3866.21	S08000029	1	2000	4000	2000	50	50
S02001767	-145.426	3866.85	S08000029	1	2000	4000	2000	50	50
S02001768	-147.016	3869.07	S08000029	1	2000	4000	2000	50	50
S02001769	-146.143	3870.88	S08000029	1	2000	4000	2000	50	50
S02001770	-145.453	3871.43	S08000029	1	2000	4000	2000	50	50
S02001771	-145.594	3872	S08000029	1	2000	4000	2000	50	50
S02001772	-147.223	3873.37	S08000029	1	2000	4000	2000	50	50
S02001773	-146.722	3873.33	S08000029	1	2000	4000	2000	50	50
S02001774	-144.442	3874.66	S08000029	1	2000	4000	2000	50	50
S02001775	-144.566	3875.26	S08000029	1	2000	4000	2000	50	50
S02001776	-141.447	3873.91	S08000029	1	2000	4000	2000	50	50
S02001777	-143.688	3872.89	S08000029	1	2000	4000	2000	50	50
S02001778	-144.067	3872.63	S08000029	1	2000	4000	2000	50	50
S02001779	-143.714	3869.01	S08000029	1	2000	4000	2000	50	50
S02001780	-140.652	3868.21	S08000029	1	2000	4000	2000	50	50
S02001781	-140.138	3868.49	S08000029	1	2000	4000	2000	50	50
S02001782	-137.918	3868.82	S08000029	1	2000	4000	2000	50	50
S02001783	-137.62	3870.53	S08000029	1	2000	4000	2000	50	50
S02001784	-137.256	3871.69	S08000029	1	2000	4000	2000	50	50
S02001785	-137.703	3871.82	S08000029	1	2000	4000	2000	50	50
S02001786	-137.939	3872.14	S08000029	1	2000	4000	2000	50	50
S02001787	-138.443	3871.78	S08000029	1	2000	4000	2000	50	50
S02001788	-138.978	3872.65	S08000029	1	2000	4000	2000	50	50
S02001789	-138.529	3872.8	S08000029	1	2000	4000	2000	50	50
S02001790	-138.022	3872.75	S08000029	1	2000	4000	2000	50	50
S02001791	-138	3873.5	S08000029	1	2000	4000	2000	50	50
S02001792	-138.599	3873.28	S08000029	1	2000	4000	2000	50	50
S02001793	-137.207	3872.64	S08000029	1	2000	4000	2000	50	50
S02001794	-136.468	3872.44	S08000029	1	2000	4000	2000	50	50
S02001795	-136.372	3873.06	S08000029	1	2000	4000	2000	50	50
S02001796	-135.775	3872.88	S08000029	1	2000	4000	2000	50	50
S02001797	-133.886	3874.8	S08000029	1	2000	4000	2000	50	50
S02001798	-138.625	3875.56	S08000029	1	2000	4000	2000	50	50
S02001799	-139.817	3877.86	S08000029	1	2000	4000	2000	50	50
S02001800	-139.046	3877.51	S08000029	1	2000	4000	2000	50	50
S02001801	-138.392	3877.59	S08000029	1	2000	4000	2000	50	50
S02001802	-138.542	3877.22	S08000029	1	2000	4000	2000	50	50
S02001803	-137.751	3877.51	S08000029	1	2000	4000	2000	50	50
S02001804	-137.765	3876.33	S08000029	1	2000	4000	2000	50	50
S02001805	-136.963	3876.89	S08000029	1	2000	4000	2000	50	50
S02001806	-136.766	3877.28	S08000029	1	2000	4000	2000	50	50
S02001807	-138.409	3878.36	S08000029	1	2000	4000	2000	50	50
S02001808	-138.351	3878.71	S08000029	1	2000	4000	2000	50	50
S02001809	-137.698	3878.34	S08000029	1	2000	4000	2000	50	50
S02001810	-137.471	3878.74	S08000029	1	2000	4000	2000	50	50
S02001811	-136.215	3878.24	S08000029	1	2000	4000	2000	50	50
S02001812	-133.96	3877.27	S08000029	1	2000	4000	2000	50	50
S02001813	-131.77	3876.08	S08000029	1	2000	4000	2000	50	50
S02001814	-131.811	3877.01	S08000029	1	2000	4000	2000	50	50
S02001815	-131.098	3876.73	S08000029	1	2000	4000	2000	50	50
S02001816	-130.851	3877.03	S08000029	1	2000	4000	2000	50	50
S02001817	-130.161	3877.6	S08000029	1	2000	4000	2000	50	50
S02001818	-130.892	3877.77	S08000029	1	2000	4000	2000	50	50
S02001819	-130.479	3878.13	S08000029	1	2000	4000	2000	50	50
S02001820	-127.751	3879.13	S08000029	1	2000	4000	2000	50	50
S02001821	-131.969	3879.07	S08000029	1	2000	4000	2000	50	50
S02001822	-135.472	3882.89	S08000029	1	2000	4000	2000	50	50
S02001823	-138.395	3881.22	S08000029	1	2000	4000	2000	50	50
S02001824	-141.035	3883.74	S08000029	1	2000	4000	2000	50	50
S02001825	-139.581	3888.2	S08000029	1	2000	4000	2000	50	50
S02001826	-131.936	3885.35	S08000029	1	2000	4000	2000	50	50
S02001827	-130.958	3886.01	S08000029	1	2000	4000	2000	50	50
S02001828	-130.609	3885.95	S08000029	1	2000	4000	2000	50	50
S02001829	-127.712	3884.95	S08000029	1	2000	4000	2000	50	50
S02001830	-122.77	3878.69	S08000029	1	2000	4000	2000	50	50
S02001831	-119.233	3878.55	S08000029	1	2000	4000	2000	50	50
S02001832	-117.196	3879.6	S08000029	1	2000	4000	2000	50	50
S02001833	-114.912	3882.84	S08000029	1	2000	4000	2000	50	50
S02001834	-121.316	3886.86	S08000029	1	2000	4000	2000	50	50
S02001835	-121.389	3887.35	S08000029	1	2000	4000	2000	50	50
S02001836	-122.012	3886.87	S08000029	1	2000	4000	2000	50	50
S02001837	-123.15	3887.34	S08000029	1	2000	4000	2000	50	50
S02001838	-125.319	3890.04	S08000029	1	2000	4000	2000	50	50
S02001839	-128.466	3891.12	S08000029	1	2000	4000	2000	50	50
S02001840	-125.089	3894.83	S08000029	1	2000	4000	2000	50	50
S02001841	-128.291	3893.94	S08000029	1	2000	4000	2000	50	50
S02001842	-188.041	3850.42	S08000031	1	2000	4000	2000	50	50
S02001843	-188.707	3850.66	S08000031	1	2000	4000	2000	50	50
S02001844	-189.195	3850.67	S08000031	1	2000	4000	2000	50	50
S02001845	-188.822	3851.37	S08000031	1	2000	4000	2000	50	50
S02001846	-189.046	3851.66	S08000031	1	2000	4000	2000	50	50
S02001847	-188.658	3852.13	S08000031	1	2000	4000	2000	50	50
S02001848	-189.539	3851.96	S08000031	1	2000	4000	2000	50	50
S02001849	-189.048	3852.65	S08000031	1	2000	4000	2000	50	50
S02001850	-188.493	3853.18	S08000031	1	2000	4000	2000	50	50
S02001851	-188.768	3853.56	S08000031	1	2000	4000	2000	50	50
S02001852	-189.243	3853.23	S08000031	1	2000	4000	2000	50	50
S02001853	-189.81	3853.75	S08000031	1	2000	4000	2000	50	50
S02001854	-189.268	3853.72	S08000031	1	2000	4000	2000	50	50
S02001855	-188.423	3854.28	S08000031	1	2000	4000	2000	50	50
S02001856	-187.625	3854.38	S08000031	1	2000	4000	2000	50	50
S02001857	-187.964	3853.69	S08000031	1	2000	4000	2000	50	50
S02001858	-187.966	3852.98	S08000031	1	2000	4000	2000	50	50
S02001859	-187.087	3854.21	S08000031	1	2000	4000	2000	50	50
S02001860	-186.817	3853.98	S08000031	1	2000	4000	2000	50	50
S02001861	-186.098	3853.85	S08000031	1	2000	4000	2000	50	50
S02001862	-186.592	3853.45	S08000031	1	2000	4000	2000	50	50
S02001863	-186.1	3853.22	S08000031	1	2000	4000	2000	50	50
S02001864	-185.456	3853.07	S08000031	1	2000	4000	2000	50	50
S02001865	-185.046	3852.76	S08000031	1	2000	4000	2000	50	50
S02001866	-184.714	3852.73	S08000031	1	2000	4000	2000	50	50
S02001867	-185.136	3852.15	S08000031	1	2000	4000	2000	50	50
S02001868	-185.455	3852.66	S08000031	1	2000	4000	2000	50	50
S02001869	-186.33	3852.65	S08000031	1	2000	4000	2000	50	50
S02001870	-186.012	3852.29	S08000031	1	2000	4000	2000	50	50
S02001871	-185.917	3852.17	S08000031	1	2000	4000	2000	50	50
S02001872	-185.745	3851.95	S08000031	1	2000	4000	2000	50	50
S02001873	-186.652	3851.82	S08000031	1	2000	4000	2000	50	50
S02001874	-187.642	3850.97	S08000031	1	2000	4000	2000	50	50
S02001875	-186.965	3851.13	S08000031	1	2000	4000	2000	50	50
S02001876	-186.353	3851.36	S08000031	1	2000	4000	2000	50	50
S02001877	-185.597	3851.49	S08000031	1	2000	4000	2000	50	50
S02001878	-185.421	3851.08	S08000031	1	2000	4000	2000	50	50
S02001879	-184.677	3851.03	S08000031	1	2000	4000	2000	50	50
S02001880	-184.254	3849.96	S08000031	1	2000	4000	2000	50	50
S02001881	-183.807	3850.31	S08000031	1	2000	4000	2000	50	50
S02001882	-183.46	3850.77	S08000031	1	2000	4000	2000	50	50
S02001883	-184.004	3850.82	S08000031	1	2000	4000	2000	50	50
S02001884	-184.066	3851.32	S08000031	1	2000	4000	2000	50	50
S02001885	-184.282	3851.74	S08000031	1	2000	4000	2000	50	50
S02001886	-185.029	3851.6	S08000031	1	2000	4000	2000	50	50
S02001887	-184.803	3851.95	S08000031	1	2000	4000	2000	50	50
S02001888	-184.036	3852.54	S08000031	1	2000	4000	2000	50	50
S02001889	-184.401	3853.39	S08000031	1	2000	4000	2000	50	50
S02001890	-185.131	3853.39	S08000031	1	2000	4000	2000	50	50
S02001891	-184.047	3853.96	S08000031	1	2000	4000	2000	50	50
S02001892	-183.648	3853.52	S08000031	1	2000	4000	2000	50	50
S02001893	-183.172	3853.09	S08000031	1	2000	4000	2000	50	50
S02001894	-182.979	3853.68	S08000031	1	2000	4000	2000	50	50
S02001895	-181.853	3853.57	S08000031	1	2000	4000	2000	50	50
S02001896	-181.658	3853.23	S08000031	1	2000	4000	2000	50	50
S02001897	-180.99	3852.67	S08000031	1	2000	4000	2000	50	50
S02001898	-180.387	3852.62	S08000031	1	2000	4000	2000	50	50
S02001899	-179.851	3853.28	S08000031	1	2000	4000	2000	50	50
S02001900	-179.064	3853.41	S08000031	1	2000	4000	2000	50	50
S02001901	-178.456	3853.43	S08000031	1	2000	4000	2000	50	50
S02001902	-179.003	3853.79	S08000031	1	2000	4000	2000	50	50
S02001903	-178.419	3854.11	S08000031	1	2000	4000	2000	50	50
S02001904	-178.028	3854.84	S08000031	1	2000	4000	2000	50	50
S02001905	-178.425	3854.93	S08000031	1	2000	4000	2000	50	50
S02001906	-179.435	3855.32	S08000031	1	2000	4000	2000	50	50
S02001907	-179.272	3854.61	S08000031	1	2000	4000	2000	50	50
S02001908	-179.871	3854.39	S08000031	1	2000	4000	2000	50	50
S02001909	-180.607	3854.04	S08000031	1	2000	4000	2000	50	50
S02001910	-180.669	3853.68	S08000031	1	2000	4000	2000	50	50
S02001911	-181.272	3853.66	S08000031	1	2000	4000	2000	50	50
S02001912	-181.757	3854.07	S08000031	1	2000	4000	2000	50	50
S02001913	-181.816	3854.65	S08000031	1	2000	4000	2000	50	50
S02001914	-181.003	3854.6	S08000031	1	2000	4000	2000	50	50
S02001915	-180.47	3855.21	S08000031	1	2000	4000	2000	50	50
S02001916	-181.64	3855.05	S08000031	1	2000	4000	2000	50	50
S02001917	-182.068	3855.59	S08000031	1	2000	4000	2000	50	50
S02001918	-181.775	3856.63	S08000031	1	2000	4000	2000	50	50
S02001919	-182.691	3856.61	S08000031	1	2000	4000	2000	50	50
S02001920	-182.651	3856.09	S08000031	1	2000	4000	2000	50	50
S02001921	-183.314	3855.72	S08000031	1	2000	4000	2000	50	50
S02001922	-183.504	3856.15	S08000031	1	2000	4000	2000	50	50
S02001923	-183.883	3856.36	S08000031	1	2000	4000	2000	50	50
S02001924	-184.339	3855.6	S08000031	1	2000	4000	2000	50	50
S02001925	-183.598	3855.33	S08000031	1	2000	4000	2000	50	50
S02001926	-183.202	3855.07	S08000031	1	2000	4000	2000	50	50
S02001927	-183.287	3854.56	S08000031	1	2000	4000	2000	50	50
S02001928	-182.877	3854.64	S08000031	1	2000	4000	2000	50	50
S02001929	-182.696	3854.25	S08000031	1	2000	4000	2000	50	50
S02001930	-183.289	3854.33	S08000031	1	2000	4000	2000	50	50
S02001931	-183.669	3854.17	S08000031	1	2000	4000	2000	50	50
S02001932	-184.32	3854.72	S08000031	1	2000	4000	2000	50	50
S02001933	-185.177	3854.75	S08000031	1	2000	4000	2000	50	50
S02001934	-184.966	3854.41	S08000031	1	2000	4000	2000	50	50
S02001935	-185.731	3854.56	S08000031	1	2000	4000	2000	50	50
S02001936	-186.185	3854.67	S08000031	1	2000	4000	2000	50	50
S02001937	-185.698	3855.02	S08000031	1	2000	4000	2000	50	50
S02001938	-185.247	3855.2	S08000031	1	2000	4000	2000	50	50
S02001939	-185.557	3855.49	S08000031	1	2000	4000	2000	50	50
S02001940	-185.104	3855.84	S08000031	1	2000	4000	2000	50	50
S02001941	-185.975	3856.07	S08000031	1	2000	4000	2000	50	50
S02001942	-184.79	3856.26	S08000031	1	2000	4000	2000	50	50
S02001943	-184.971	3856.81	S08000031	1	2000	4000	2000	50	50
S02001944	-184.365	3857.05	S08000031	1	2000	4000	2000	50	50
S02001945	-185.868	3857.33	S08000031	1	2000	4000	2000	50	50
S02001946	-186.665	3857.23	S08000031	1	2000	4000	2000	50	50
S02001947	-186.044	3856.88	S08000031	1	2000	4000	2000	50	50
S02001948	-186.379	3856.6	S08000031	1	2000	4000	2000	50	50
S02001949	-186.425	3856.34	S08000031	1	2000	4000	2000	50	50
S02001950	-186.932	3856.2	S08000031	1	2000	4000	2000	50	50
S02001951	-186.006	3855.67	S08000031	1	2000	4000	2000	50	50
S02001952	-186.339	3855.37	S08000031	1	2000	4000	2000	50	50
S02001953	-186.854	3855.08	S08000031	1	2000	4000	2000	50	50
S02001954	-187.562	3855.07	S08000031	1	2000	4000	2000	50	50
S02001955	-187.431	3855.27	S08000031	1	2000	4000	2000	50	50
S02001956	-187.375	3855.46	S08000031	1	2000	4000	2000	50	50
S02001957	-186.732	3855.6	S08000031	1	2000	4000	2000	50	50
S02001958	-187.887	3856.11	S08000031	1	2000	4000	2000	50	50
S02001959	-187.736	3855.55	S08000031	1	2000	4000	2000	50	50
S02001960	-188.205	3855.62	S08000031	1	2000	4000	2000	50	50
S02001961	-188.422	3855.29	S08000031	1	2000	4000	2000	50	50
S02001962	-188.893	3855.8	S08000031	1	2000	4000	2000	50	50
S02001963	-189.152	3855.73	S08000031	1	2000	4000	2000	50	50
S02001964	-190.032	3856.25	S08000031	1	2000	4000	2000	50	50
S02001965	-190.096	3856.81	S08000031	1	2000	4000	2000	50	50
S02001966	-189.749	3856.68	S08000031	1	2000	4000	2000	50	50
S02001967	-189.136	3856.29	S08000031	1	2000	4000	2000	50	50
S02001968	-189.229	3856.74	S08000031	1	2000	4000	2000	50	50
S02001969	-188.807	3856.47	S08000031	1	2000	4000	2000	50	50
S02001970	-187.506	3856.57	S08000031	1	2000	4000	2000	50	50
S02001971	-188.154	3856.72	S08000031	1	2000	4000	2000	50	50
S02001972	-188.579	3857.18	S08000031	1	2000	4000	2000	50	50
S02001973	-189.536	3857.29	S08000031	1	2000	4000	2000	50	50
S02001974	-189.313	3857.62	S08000031	1	2000	4000	2000	50	50
S02001975	-189.282	3858.05	S08000031	1	2000	4000	2000	50	50
S02001976	-189.89	3858.08	S08000031	1	2000	4000	2000	50	50
S02001977	-190.268	3857.92	S08000031	1	2000	4000	2000	50	50
S02001978	-246.573	3919.56	S08000022	1	2000	4000	2000	50	50
S02001979	-221.773	3921.98	S08000022	1	2000	4000	2000	50	50
S02001980	-221.798	3920.37	S08000022	1	2000	4000	2000	50	50
S02001981	-217.515	3916.59	S08000022	1	2000	4000	2000	50	50
S02001982	-176.604	3938.12	S08000022	1	2000	4000	2000	50	50
S02001983	-165.536	3947.93	S08000022	1	2000	4000	2000	50	50
S02001984	-156.856	3954.9	S08000022	1	2000	4000	2000	50	50
S02001985	-167.26	3970.85	S08000022	1	2000	4000	2000	50	50
S02001986	-167.944	3973.28	S08000022	1	2000	4000	2000	50	50
S02001987	-168.715	3973.14	S08000022	1	2000	4000	2000	50	50
S02001988	-176.614	3967.58	S08000022	1	2000	4000	2000	50	50
S02001989	-179.31	3966.97	S08000022	1	2000	4000	2000	50	50
S02001990	-179.922	3966.3	S08000022	1	2000	4000	2000	50	50
S02001991	-180.405	3965.65	S08000022	1	2000	4000	2000	50	50
S02001992	-181.591	3964.61	S08000022	1	2000	4000	2000	50	50
S02001993	-183.516	3963.08	S08000022	1	2000	4000	2000	50	50
S02001994	-183.847	3964.19	S08000022	1	2000	4000	2000	50	50
S02001995	-183.376	3964.78	S08000022	1	2000	4000	2000	50	50
S02001996	-182.784	3964.89	S08000022	1	2000	4000	2000	50	50
S02001997	-182.319	3965.29	S08000022	1	2000	4000	2000	50	50
S02001998	-183.299	3966.17	S08000022	1	2000	4000	2000	50	50
S02001999	-183.237	3965.66	S08000022	1	2000	4000	2000	50	50
S02002000	-184.18	3965.52	S08000022	1	2000	4000	2000	50	50
S02002001	-183.959	3965.97	S08000022	1	2000	4000	2000	50	50
S02002002	-184.099	3966.63	S08000022	1	2000	4000	2000	50	50
S02002003	-184.855	3966.32	S08000022	1	2000	4000	2000	50	50
S02002004	-185.313	3965.31	S08000022	1	2000	4000	2000	50	50
S02002005	-194.274	3964.64	S08000022	1	2000	4000	2000	50	50
S02002006	-196.335	3951.87	S08000022	1	2000	4000	2000	50	50
S02002007	-243.288	3952.45	S08000022	1	2000	4000	2000	50	50
S02002008	-259.826	3947.63	S08000022	1	2000	4000	2000	50	50
S02002009	-268.384	3962.75	S08000022	1	2000	4000	2000	50	50
S02002010	-279.705	3968.8	S08000022	1	2000	4000	2000	50	50
S02002011	-245.556	3973.89	S08000022	1	2000	4000	2000	50	50
S02002012	-228.203	3994.73	S08000022	1	2000	4000	2000	50	50
S02002013	-201.06	3973.64	S08000022	1	2000	4000	2000	50	50
S02002014	-185.789	3980.74	S08000022	1	2000	4000	2000	50	50
S02002015	-193.739	3968.74	S08000022	1	2000	4000	2000	50	50
S02002016	-192.612	3971.97	S08000022	1	2000	4000	2000	50	50
S02002017	-192.401	3974.27	S08000022	1	2000	4000	2000	50	50
S02002018	-182.518	3971.11	S08000022	1	2000	4000	2000	50	50
S02002019	-182.446	3976.51	S08000022	1	2000	4000	2000	50	50
S02002020	-184.838	3981.01	S08000022	1	2000	4000	2000	50	50
S02002021	-181.168	3980.74	S08000022	1	2000	4000	2000	50	50
S02002022	-171.271	3986.61	S08000022	1	2000	4000	2000	50	50
S02002023	-176.226	3988.87	S08000022	1	2000	4000	2000	50	50
S02002024	-181.367	3996.21	S08000022	1	2000	4000	2000	50	50
S02002025	-167.658	4003.58	S08000022	1	2000	4000	2000	50	50
S02002026	-142.52	4024.5	S08000022	1	2000	4000	2000	50	50
S02002027	-134.206	4032.17	S08000022	1	2000	4000	2000	50	50
S02002028	-134.004	4032.68	S08000022	1	2000	4000	2000	50	50
S02002029	-139.086	4038.64	S08000022	1	2000	4000	2000	50	50
S02002030	-152.74	4040.18	S08000022	1	2000	4000	2000	50	50
S02002031	-152.814	4042.89	S08000022	1	2000	4000	2000	50	50
S02002032	-153.536	4042.95	S08000022	1	2000	4000	2000	50	50
S02002033	-205.584	4029.24	S08000022	1	2000	4000	2000	50	50
S02002034	-201.027	3856.68	S08000031	1	2000	4000	2000	50	50
S02002035	-202.271	3856.75	S08000031	1	2000	4000	2000	50	50
S02002036	-211.767	3857.03	S08000031	1	2000	4000	2000	50	50
S02002037	-210.612	3860.09	S08000031	1	2000	4000	2000	50	50
S02002038	-209.571	3860.86	S08000031	1	2000	4000	2000	50	50
S02002039	-209.01	3860.88	S08000031	1	2000	4000	2000	50	50
S02002040	-209.273	3859.91	S08000031	1	2000	4000	2000	50	50
S02002041	-208.239	3860.25	S08000031	1	2000	4000	2000	50	50
S02002042	-207.793	3861.05	S08000031	1	2000	4000	2000	50	50
S02002043	-207.127	3860.66	S08000031	1	2000	4000	2000	50	50
S02002044	-207.615	3859.91	S08000031	1	2000	4000	2000	50	50
S02002045	-206.906	3860.12	S08000031	1	2000	4000	2000	50	50
S02002046	-206.274	3860.18	S08000031	1	2000	4000	2000	50	50
S02002047	-205.316	3859.7	S08000031	1	2000	4000	2000	50	50
S02002048	-203.747	3859.35	S08000031	1	2000	4000	2000	50	50
S02002049	-202.543	3859.06	S08000031	1	2000	4000	2000	50	50
S02002050	-202.22	3858.58	S08000031	1	2000	4000	2000	50	50
S02002051	-137.176	3852.17	S08000024	1	2000	4000	2000	50	50
S02002052	-139.93	3852.14	S08000024	1	2000	4000	2000	50	50
S02002053	-140.436	3852.42	S08000024	1	2000	4000	2000	50	50
S02002054	-139.521	3852.56	S08000024	1	2000	4000	2000	50	50
S02002055	-139.989	3852.89	S08000024	1	2000	4000	2000	50	50
S02002056	-139.087	3853.9	S08000024	1	2000	4000	2000	50	50
S02002057	-137.553	3854.51	S08000024	1	2000	4000	2000	50	50
S02002058	-137.588	3855.63	S08000024	1	2000	4000	2000	50	50
S02002059	-136.846	3855.67	S08000024	1	2000	4000	2000	50	50
S02002060	-135.529	3855.07	S08000024	1	2000	4000	2000	50	50
S02002061	-134.978	3855.48	S08000024	1	2000	4000	2000	50	50
S02002062	-134.354	3854.98	S08000024	1	2000	4000	2000	50	50
S02002063	-133.661	3856.32	S08000024	1	2000	4000	2000	50	50
S02002064	-134.934	3857.58	S08000024	1	2000	4000	2000	50	50
S02002065	-132.552	3856.79	S08000024	1	2000	4000	2000	50	50
S02002066	-133.099	3856.61	S08000024	1	2000	4000	2000	50	50
S02002067	-130.493	3854.64	S08000024	1	2000	4000	2000	50	50
S02002068	-132.235	3855.54	S08000024	1	2000	4000	2000	50	50
S02002069	-132.004	3855.02	S08000024	1	2000	4000	2000	50	50
S02002070	-132.912	3854.9	S08000024	1	2000	4000	2000	50	50
S02002071	-132.718	3853.73	S08000024	1	2000	4000	2000	50	50
S02002072	-132.319	3853.13	S08000024	1	2000	4000	2000	50	50
S02002073	-140.352	3959.53	S08000020	1	2000	4000	2000	50	50
S02002074	-140.426	3967	S08000020	1	2000	4000	2000	50	50
S02002075	-127.038	3969.93	S08000020	1	2000	4000	2000	50	50
S02002076	-128.263	3970.37	S08000020	1	2000	4000	2000	50	50
S02002077	-124.581	3979.77	S08000020	1	2000	4000	2000	50	50
S02002078	-128.111	3979.86	S08000020	1	2000	4000	2000	50	50
S02002079	-129.096	3979.42	S08000020	1	2000	4000	2000	50	50
S02002080	-132.734	3978.21	S08000020	1	2000	4000	2000	50	50
S02002081	-131.586	3974.6	S08000020	1	2000	4000	2000	50	50
S02002082	-144.302	3976.51	S08000020	1	2000	4000	2000	50	50
S02002083	-140.243	3977.52	S08000020	1	2000	4000	2000	50	50
S02002084	-143.365	3977.78	S08000020	1	2000	4000	2000	50	50
S02002085	-143.211	3977.09	S08000020	1	2000	4000	2000	50	50
S02002086	-143.894	3976.91	S08000020	1	2000	4000	2000	50	50
S02002087	-144.453	3977.67	S08000020	1	2000	4000	2000	50	50
S02002088	-144.042	3977.97	S08000020	1	2000	4000	2000	50	50
S02002089	-144.157	3978.49	S08000020	1	2000	4000	2000	50	50
S02002090	-142.717	3982.65	S08000020	1	2000	4000	2000	50	50
S02002091	-143.26	3982.34	S08000020	1	2000	4000	2000	50	50
S02002092	-149.079	3981.42	S08000020	1	2000	4000	2000	50	50
S02002093	-154.276	3977.17	S08000020	1	2000	4000	2000	50	50
S02002094	-156.837	3975.17	S08000020	1	2000	4000	2000	50	50
S02002095	-157.29	3974.66	S08000020	1	2000	4000	2000	50	50
S02002096	-157.097	3973.35	S08000020	1	2000	4000	2000	50	50
S02002097	-224.524	3832.31	S08000015	1	2000	4000	2000	50	50
S02002098	-201.06	3837.75	S08000015	1	2000	4000	2000	50	50
S02002099	-202.014	3836.93	S08000015	1	2000	4000	2000	50	50
S02002100	-200.597	3836.95	S08000015	1	2000	4000	2000	50	50
S02002101	-201.003	3837.35	S08000015	1	2000	4000	2000	50	50
S02002102	-200.981	3837.58	S08000015	1	2000	4000	2000	50	50
S02002103	-201.459	3838.1	S08000015	1	2000	4000	2000	50	50
S02002104	-201.148	3838.56	S08000015	1	2000	4000	2000	50	50
S02002105	-202.716	3838.52	S08000015	1	2000	4000	2000	50	50
S02002106	-202.618	3838.22	S08000015	1	2000	4000	2000	50	50
S02002107	-202.232	3837.95	S08000015	1	2000	4000	2000	50	50
S02002108	-202.693	3837.57	S08000015	1	2000	4000	2000	50	50
S02002109	-202.899	3837.2	S08000015	1	2000	4000	2000	50	50
S02002110	-205.358	3838.65	S08000015	1	2000	4000	2000	50	50
S02002111	-207.865	3838.82	S08000015	1	2000	4000	2000	50	50
S02002112	-208.874	3839.41	S08000015	1	2000	4000	2000	50	50
S02002113	-209.1	3839.91	S08000015	1	2000	4000	2000	50	50
S02002114	-208.651	3840.12	S08000015	1	2000	4000	2000	50	50
S02002115	-208.084	3839.34	S08000015	1	2000	4000	2000	50	50
S02002116	-207.717	3839.63	S08000015	1	2000	4000	2000	50	50
S02002117	-206.667	3839.18	S08000015	1	2000	4000	2000	50	50
S02002118	-206.145	3839.58	S08000015	1	2000	4000	2000	50	50
S02002119	-204.889	3840.31	S08000015	1	2000	4000	2000	50	50
S02002120	-204.761	3839.85	S08000015	1	2000	4000	2000	50	50
S02002121	-203.781	3839.93	S08000015	1	2000	4000	2000	50	50
S02002122	-204.169	3840.28	S08000015	1	2000	4000	2000	50	50
S02002123	-204.142	3843.69	S08000015	1	2000	4000	2000	50	50
S02002124	-205.337	3843.9	S08000015	1	2000	4000	2000	50	50
S02002125	-209.825	3844.4	S08000015	1	2000	4000	2000	50	50
S02002126	-210.969	3842.75	S08000015	1	2000	4000	2000	50	50
S02002127	-211.113	3849.5	S08000015	1	2000	4000	2000	50	50
S02002128	-212.132	3848.95	S08000015	1	2000	4000	2000	50	50
S02002129	-211.384	3850.43	S08000015	1	2000	4000	2000	50	50
S02002130	-209.255	3850.87	S08000015	1	2000	4000	2000	50	50
S02002131	-203.52	3847.28	S08000015	1	2000	4000	2000	50	50
S02002132	-203.559	3846.5	S08000015	1	2000	4000	2000	50	50
S02002133	-201.53	3846.61	S08000015	1	2000	4000	2000	50	50
S02002134	-200.666	3846.66	S08000015	1	2000	4000	2000	50	50
S02002135	-170.321	3847.32	S08000032	1	2000	4000	2000	50	50
S02002136	-171.458	3848.06	S08000032	1	2000	4000	2000	50	50
S02002137	-172.09	3848.33	S08000032	1	2000	4000	2000	50	50
S02002138	-172.895	3848.89	S08000032	1	2000	4000	2000	50	50
S02002139	-171.547	3848.72	S08000032	1	2000	4000	2000	50	50
S02002140	-170.469	3848.17	S08000032	1	2000	4000	2000	50	50
S02002141	-169.995	3848.21	S08000032	1	2000	4000	2000	50	50
S02002142	-170.077	3848.75	S08000032	1	2000	4000	2000	50	50
S02002143	-169.856	3849.47	S08000032	1	2000	4000	2000	50	50
S02002144	-169.246	3848.89	S08000032	1	2000	4000	2000	50	50
S02002145	-168.497	3849.34	S08000032	1	2000	4000	2000	50	50
S02002146	-167.236	3850.13	S08000032	1	2000	4000	2000	50	50
S02002147	-165.275	3851.73	S08000032	1	2000	4000	2000	50	50
S02002148	-164.248	3851.27	S08000032	1	2000	4000	2000	50	50
S02002149	-166.601	3853.32	S08000032	1	2000	4000	2000	50	50
S02002150	-170.661	3850.3	S08000032	1	2000	4000	2000	50	50
S02002151	-171.206	3851.24	S08000032	1	2000	4000	2000	50	50
S02002152	-171.856	3850.98	S08000032	1	2000	4000	2000	50	50
S02002153	-172.762	3851.07	S08000032	1	2000	4000	2000	50	50
S02002154	-172.355	3850.56	S08000032	1	2000	4000	2000	50	50
S02002155	-173.342	3849.61	S08000032	1	2000	4000	2000	50	50
S02002156	-173.847	3849.26	S08000032	1	2000	4000	2000	50	50
S02002157	-174.101	3849.69	S08000032	1	2000	4000	2000	50	50
S02002158	-174.179	3850.07	S08000032	1	2000	4000	2000	50	50
S02002159	-173.74	3850.26	S08000032	1	2000	4000	2000	50	50
S02002160	-172.622	3851.7	S08000032	1	2000	4000	2000	50	50
S02002161	-173.98	3851.25	S08000032	1	2000	4000	2000	50	50
S02002162	-174.88	3850.88	S08000032	1	2000	4000	2000	50	50
S02002163	-174.675	3851.43	S08000032	1	2000	4000	2000	50	50
S02002164	-174.388	3852.1	S08000032	1	2000	4000	2000	50	50
S02002165	-174.816	3851.9	S08000032	1	2000	4000	2000	50	50
S02002166	-176.255	3852	S08000032	1	2000	4000	2000	50	50
S02002167	-176.193	3852.39	S08000032	1	2000	4000	2000	50	50
S02002168	-177.261	3852.54	S08000032	1	2000	4000	2000	50	50
S02002169	-176.716	3853.86	S08000032	1	2000	4000	2000	50	50
S02002170	-175.417	3853.43	S08000032	1	2000	4000	2000	50	50
S02002171	-175.126	3853.79	S08000032	1	2000	4000	2000	50	50
S02002172	-175.728	3854.29	S08000032	1	2000	4000	2000	50	50
S02002173	-175.296	3854.43	S08000032	1	2000	4000	2000	50	50
S02002174	-175.869	3855.19	S08000032	1	2000	4000	2000	50	50
S02002175	-174.828	3854.8	S08000032	1	2000	4000	2000	50	50
S02002176	-174.472	3854.38	S08000032	1	2000	4000	2000	50	50
S02002177	-174.411	3853.48	S08000032	1	2000	4000	2000	50	50
S02002178	-173.817	3853.67	S08000032	1	2000	4000	2000	50	50
S02002179	-172.315	3853.5	S08000032	1	2000	4000	2000	50	50
S02002180	-171.729	3853.01	S08000032	1	2000	4000	2000	50	50
S02002181	-171.386	3853.14	S08000032	1	2000	4000	2000	50	50
S02002182	-171.285	3854.61	S08000032	1	2000	4000	2000	50	50
S02002183	-171.847	3854.33	S08000032	1	2000	4000	2000	50	50
S02002184	-172.472	3854.49	S08000032	1	2000	4000	2000	50	50
S02002185	-172.886	3854.52	S08000032	1	2000	4000	2000	50	50
S02002186	-173.489	3854.63	S08000032	1	2000	4000	2000	50	50
S02002187	-173.135	3855.37	S08000032	1	2000	4000	2000	50	50
S02002188	-172.614	3855.28	S08000032	1	2000	4000	2000	50	50
S02002189	-171.796	3854.98	S08000032	1	2000	4000	2000	50	50
S02002190	-169.55	3856.17	S08000032	1	2000	4000	2000	50	50
S02002191	-172.619	3856.69	S08000032	1	2000	4000	2000	50	50
S02002192	-176.44	3856.66	S08000032	1	2000	4000	2000	50	50
S02002193	-180.135	3856.2	S08000032	1	2000	4000	2000	50	50
S02002194	-179.811	3857.06	S08000032	1	2000	4000	2000	50	50
S02002195	-178.306	3857.2	S08000032	1	2000	4000	2000	50	50
S02002196	-177.536	3857.92	S08000032	1	2000	4000	2000	50	50
S02002197	-177.085	3858.16	S08000032	1	2000	4000	2000	50	50
S02002198	-175.44	3859.67	S08000032	1	2000	4000	2000	50	50
S02002199	-174.654	3859.44	S08000032	1	2000	4000	2000	50	50
S02002200	-173.046	3859.78	S08000032	1	2000	4000	2000	50	50
S02002201	-173.426	3860.03	S08000032	1	2000	4000	2000	50	50
S02002202	-173.099	3860.56	S08000032	1	2000	4000	2000	50	50
S02002203	-172.561	3860.77	S08000032	1	2000	4000	2000	50	50
S02002204	-171.789	3860.93	S08000032	1	2000	4000	2000	50	50
S02002205	-171.52	3861.44	S08000032	1	2000	4000	2000	50	50
S02002206	-172.445	3861.61	S08000032	1	2000	4000	2000	50	50
S02002207	-173.556	3861.4	S08000032	1	2000	4000	2000	50	50
S02002208	-174.429	3860.88	S08000032	1	2000	4000	2000	50	50
S02002209	-174.764	3860.35	S08000032	1	2000	4000	2000	50	50
S02002210	-175.371	3862.2	S08000032	1	2000	4000	2000	50	50
S02002211	-176.329	3862.22	S08000032	1	2000	4000	2000	50	50
S02002212	-176.952	3862.47	S08000032	1	2000	4000	2000	50	50
S02002213	-142.819	4069.4	S08000025	1	2000	4000	2000	50	50
S02002214	-137.48	4074.62	S08000025	1	2000	4000	2000	50	50
S02002215	-127.719	4068.68	S08000025	1	2000	4000	2000	50	50
S02002216	-128.589	4069.58	S08000025	1	2000	4000	2000	50	50
S02002217	-128.224	4069.74	S08000025	1	2000	4000	2000	50	50
S02002218	-127.16	4071.46	S08000025	1	2000	4000	2000	50	50
S02002219	-148.56	3877.23	S08000030	1	2000	4000	2000	50	50
S02002220	-148.786	3878.27	S08000030	1	2000	4000	2000	50	50
S02002221	-150.464	3879.08	S08000030	1	2000	4000	2000	50	50
S02002222	-165.321	3883.59	S08000030	1	2000	4000	2000	50	50
S02002223	-161.114	3884.38	S08000030	1	2000	4000	2000	50	50
S02002224	-170.641	3889.77	S08000030	1	2000	4000	2000	50	50
S02002225	-166.862	3889.94	S08000030	1	2000	4000	2000	50	50
S02002226	-166.725	3889.64	S08000030	1	2000	4000	2000	50	50
S02002227	-156.815	3889.8	S08000030	1	2000	4000	2000	50	50
S02002228	-151.392	3886.83	S08000030	1	2000	4000	2000	50	50
S02002229	-146.498	3887.21	S08000030	1	2000	4000	2000	50	50
S02002230	-149.092	3890.31	S08000030	1	2000	4000	2000	50	50
S02002231	-149.782	3891.17	S08000030	1	2000	4000	2000	50	50
S02002232	-150.709	3891.1	S08000030	1	2000	4000	2000	50	50
S02002233	-151.14	3891.66	S08000030	1	2000	4000	2000	50	50
S02002234	-150.759	3891.78	S08000030	1	2000	4000	2000	50	50
S02002235	-150.467	3892.36	S08000030	1	2000	4000	2000	50	50
S02002236	-149.901	3892.71	S08000030	1	2000	4000	2000	50	50
S02002237	-149.547	3892.09	S08000030	1	2000	4000	2000	50	50
S02002238	-149.318	3891.61	S08000030	1	2000	4000	2000	50	50
S02002239	-149.012	3891.31	S08000030	1	2000	4000	2000	50	50
S02002240	-148.366	3891.46	S08000030	1	2000	4000	2000	50	50
S02002241	-147.839	3892.95	S08000030	1	2000	4000	2000	50	50
S02002242	-145.177	3893.62	S08000030	1	2000	4000	2000	50	50
S02002243	-138.959	3892.77	S08000030	1	2000	4000	2000	50	50
S02002244	-135.233	3895.63	S08000030	1	2000	4000	2000	50	50
S02002245	-141.511	3901.57	S08000030	1	2000	4000	2000	50	50
S02002246	-140.319	3906.94	S08000030	1	2000	4000	2000	50	50
S02002247	-153.27	3909.8	S08000030	1	2000	4000	2000	50	50
S02002248	-144.639	3905.1	S08000030	1	2000	4000	2000	50	50
S02002249	-144.953	3904.48	S08000030	1	2000	4000	2000	50	50
S02002250	-150.784	3899.47	S08000030	1	2000	4000	2000	50	50
S02002251	-154.554	3897.8	S08000030	1	2000	4000	2000	50	50
S02002252	-161.442	3911.88	S08000030	1	2000	4000	2000	50	50
S02002253	-172.105	3907.47	S08000030	1	2000	4000	2000	50	50
S02002254	-200.984	3849.97	S08000031	1	2000	4000	2000	50	50
S02002255	-197.33	3850.68	S08000031	1	2000	4000	2000	50	50
S02002256	-196.451	3855.91	S08000031	1	2000	4000	2000	50	50
S02002257	-197.53	3852.61	S08000031	1	2000	4000	2000	50	50
S02002258	-196.679	3851.75	S08000031	1	2000	4000	2000	50	50
S02002259	-196.383	3852.47	S08000031	1	2000	4000	2000	50	50
S02002260	-195.708	3852.73	S08000031	1	2000	4000	2000	50	50
S02002261	-195.679	3852.19	S08000031	1	2000	4000	2000	50	50
S02002262	-194.8	3852.6	S08000031	1	2000	4000	2000	50	50
S02002263	-192.98	3853.52	S08000031	1	2000	4000	2000	50	50
S02002264	-193.009	3853.14	S08000031	1	2000	4000	2000	50	50
S02002265	-193.642	3852.53	S08000031	1	2000	4000	2000	50	50
S02002266	-194.05	3851.84	S08000031	1	2000	4000	2000	50	50
S02002267	-193.231	3852.23	S08000031	1	2000	4000	2000	50	50
S02002268	-192.809	3851.6	S08000031	1	2000	4000	2000	50	50
S02002269	-192.315	3851.79	S08000031	1	2000	4000	2000	50	50
S02002270	-192.522	3852.44	S08000031	1	2000	4000	2000	50	50
S02002271	-191.901	3852.38	S08000031	1	2000	4000	2000	50	50
S02002272	-190.866	3852.32	S08000031	1	2000	4000	2000	50	50
S02002273	-191.382	3852.77	S08000031	1	2000	4000	2000	50	50
S02002274	-192.111	3853.22	S08000031	1	2000	4000	2000	50	50
S02002275	-191.437	3853.45	S08000031	1	2000	4000	2000	50	50
S02002276	-190.327	3853.37	S08000031	1	2000	4000	2000	50	50
S02002277	-191.512	3854.1	S08000031	1	2000	4000	2000	50	50
S02002278	-192.341	3853.95	S08000031	1	2000	4000	2000	50	50
S02002279	-191.215	3855.17	S08000031	1	2000	4000	2000	50	50
S02002280	-190.892	3854.81	S08000031	1	2000	4000	2000	50	50
S02002281	-190.341	3855.16	S08000031	1	2000	4000	2000	50	50
S02002282	-190.101	3854.95	S08000031	1	2000	4000	2000	50	50
S02002283	-192.661	3856.68	S08000031	1	2000	4000	2000	50	50
S02002284	-193.359	3857.16	S08000031	1	2000	4000	2000	50	50
S02002285	-193.98	3857.43	S08000031	1	2000	4000	2000	50	50
S02002286	-195.555	3857.66	S08000031	1	2000	4000	2000	50	50
S02002287	-195.263	3853.54	S08000031	1	2000	4000	2000	50	50
S02002288	-195.777	3853.65	S08000031	1	2000	4000	2000	50	50
S02002289	-196.715	3854.35	S08000031	1	2000	4000	2000	50	50
S02002290	-197.382	3854.74	S08000031	1	2000	4000	2000	50	50
S02002291	-198.806	3854.01	S08000031	1	2000	4000	2000	50	50
S02002292	-144.07	3843.32	S08000016	1	2000	4000	2000	50	50
S02002293	-138.583	3840.1	S08000016	1	2000	4000	2000	50	50
S02002294	-138.485	3839.56	S08000016	1	2000	4000	2000	50	50
S02002295	-132.46	3837.84	S08000016	1	2000	4000	2000	50	50
S02002296	-120.302	3840.04	S08000016	1	2000	4000	2000	50	50
S02002297	-122.262	3837.79	S08000016	1	2000	4000	2000	50	50
S02002298	-122.237	3837.47	S08000016	1	2000	4000	2000	50	50
S02002299	-121.484	3837.08	S08000016	1	2000	4000	2000	50	50
S02002300	-120.634	3837.21	S08000016	1	2000	4000	2000	50	50
S02002301	-118.632	3836.36	S08000016	1	2000	4000	2000	50	50
S02002302	-119.342	3844.68	S08000016	1	2000	4000	2000	50	50
S02002303	-106.141	3845.29	S08000016	1	2000	4000	2000	50	50
S02002304	-101.741	3848.61	S08000016	1	2000	4000	2000	50	50
S02002305	-95.1842	3855.39	S08000016	1	2000	4000	2000	50	50
S02002306	-90.8947	3855.13	S08000016	1	2000	4000	2000	50	50
S02002307	-96.0521	3849.52	S08000016	1	2000	4000	2000	50	50
S02002308	-98.0536	3840.56	S08000016	1	2000	4000	2000	50	50
S02002309	-103.869	3834.78	S08000016	1	2000	4000	2000	50	50
S02002310	-105.75	3836.82	S08000016	1	2000	4000	2000	50	50
S02002311	-105.582	3836.43	S08000016	1	2000	4000	2000	50	50
S02002312	-109.545	3828.84	S08000016	1	2000	4000	2000	50	50
S02002313	-115.239	3834.71	S08000016	1	2000	4000	2000	50	50
S02002314	-110.835	3828.02	S08000016	1	2000	4000	2000	50	50
S02002315	-120.061	3820.02	S08000016	1	2000	4000	2000	50	50
S02002316	-120.32	3825.07	S08000016	1	2000	4000	2000	50	50
S02002317	-120.808	3824.27	S08000016	1	2000	4000	2000	50	50
S02002318	-121.388	3823.98	S08000016	1	2000	4000	2000	50	50
S02002319	-121.051	3824.68	S08000016	1	2000	4000	2000	50	50
S02002320	-124.74	3831.12	S08000016	1	2000	4000	2000	50	50
S02002321	-123.383	3832.9	S08000016	1	2000	4000	2000	50	50
S02002322	-55.2456	4137.73	S08000026	1	2000	4000	2000	50	50
S02002323	-51.444	4149.8	S08000026	1	2000	4000	2000	50	50
S02002324	-49.8398	4150.69	S08000026	1	2000	4000	2000	50	50
S02002325	-55.5546	4150.26	S08000026	1	2000	4000	2000	50	50
S02002326	-60.6852	4158.47	S08000026	1	2000	4000	2000	50	50
S02002327	-57.8035	4169.38	S08000026	1	2000	4000	2000	50	50
S02002328	-41.9581	4181.2	S08000026	1	2000	4000	2000	50	50
S02002329	-208.162	3811.4	S08000015	1	2000	4000	2000	50	50
S02002330	-210.677	3811.18	S08000015	1	2000	4000	2000	50	50
S02002331	-210.824	3811.65	S08000015	1	2000	4000	2000	50	50
S02002332	-203.46	3819.48	S08000015	1	2000	4000	2000	50	50
S02002333	-201.234	3821.78	S08000015	1	2000	4000	2000	50	50
S02002334	-196.7	3825.97	S08000015	1	2000	4000	2000	50	50
S02002335	-201.543	3825.07	S08000015	1	2000	4000	2000	50	50
S02002336	-200.194	3825.58	S08000015	1	2000	4000	2000	50	50
S02002337	-200.727	3825.84	S08000015	1	2000	4000	2000	50	50
S02002338	-200.158	3826.26	S08000015	1	2000	4000	2000	50	50
S02002339	-201.225	3826.78	S08000015	1	2000	4000	2000	50	50
S02002340	-200.95	3827.37	S08000015	1	2000	4000	2000	50	50
S02002341	-200.262	3826.89	S08000015	1	2000	4000	2000	50	50
S02002342	-199.516	3827.47	S08000015	1	2000	4000	2000	50	50
S02002343	-200.091	3827.52	S08000015	1	2000	4000	2000	50	50
S02002344	-200.582	3828.14	S08000015	1	2000	4000	2000	50	50
S02002345	-200.075	3828.28	S08000015	1	2000	4000	2000	50	50
S02002346	-200.332	3829.38	S08000015	1	2000	4000	2000	50	50
S02002347	-199.932	3829.19	S08000015	1	2000	4000	2000	50	50
S02002348	-199.567	3830.07	S08000015	1	2000	4000	2000	50	50
S02002349	-195.344	3829.81	S08000015	1	2000	4000	2000	50	50
S02002350	-199.295	3833.97	S08000015	1	2000	4000	2000	50	50
S02002351	-201.56	3833.43	S08000015	1	2000	4000	2000	50	50
S02002352	-202.153	3833.21	S08000015	1	2000	4000	2000	50	50
S02002353	-202.309	3832.42	S08000015	1	2000	4000	2000	50	50
S02002354	-161.322	3830.51	S08000032	1	2000	4000	2000	50	50
S02002355	-153.771	3838.27	S08000032	1	2000	4000	2000	50	50
S02002356	-158.872	3842.88	S08000032	1	2000	4000	2000	50	50
S02002357	-159.516	3847.36	S08000032	1	2000	4000	2000	50	50
S02002358	-168.354	3846.68	S08000032	1	2000	4000	2000	50	50
S02002359	-167.118	3845.77	S08000032	1	2000	4000	2000	50	50
S02002360	-166.655	3845.99	S08000032	1	2000	4000	2000	50	50
S02002361	-166.072	3845.46	S08000032	1	2000	4000	2000	50	50
S02002362	-166.556	3845.31	S08000032	1	2000	4000	2000	50	50
S02002363	-166.465	3844.4	S08000032	1	2000	4000	2000	50	50
S02002364	-164.262	3841.69	S08000032	1	2000	4000	2000	50	50
S02002365	-163.698	3841.76	S08000032	1	2000	4000	2000	50	50
S02002366	-163.583	3841.27	S08000032	1	2000	4000	2000	50	50
S02002367	-166.249	3841.34	S08000032	1	2000	4000	2000	50	50
S02002368	-166.963	3835.33	S08000032	1	2000	4000	2000	50	50
S02002369	-168.772	3838.98	S08000032	1	2000	4000	2000	50	50
S02002370	-170.298	3841.21	S08000032	1	2000	4000	2000	50	50
S02002371	-170.863	3844.98	S08000032	1	2000	4000	2000	50	50
S02002372	-172.583	3846.4	S08000032	1	2000	4000	2000	50	50
S02002373	-172.598	3845.95	S08000032	1	2000	4000	2000	50	50
S02002374	-171.997	3845.58	S08000032	1	2000	4000	2000	50	50
S02002375	-172.388	3845.1	S08000032	1	2000	4000	2000	50	50
S02002376	-173.223	3842.8	S08000032	1	2000	4000	2000	50	50
S02002377	-176.751	3841.63	S08000032	1	2000	4000	2000	50	50
S02002378	-176.395	3842.18	S08000032	1	2000	4000	2000	50	50
S02002379	-176.12	3840.9	S08000032	1	2000	4000	2000	50	50
S02002380	-174.833	3845.82	S08000032	1	2000	4000	2000	50	50
S02002381	-175.675	3846.94	S08000032	1	2000	4000	2000	50	50
S02002382	-175.618	3847.41	S08000032	1	2000	4000	2000	50	50
S02002383	-175.349	3848.01	S08000032	1	2000	4000	2000	50	50
S02002384	-175.343	3848.48	S08000032	1	2000	4000	2000	50	50
S02002385	-175.779	3848.06	S08000032	1	2000	4000	2000	50	50
S02002386	-176.098	3847.56	S08000032	1	2000	4000	2000	50	50
S02002387	-176.325	3847.4	S08000032	1	2000	4000	2000	50	50
S02002388	-176.97	3847.59	S08000032	1	2000	4000	2000	50	50
S02002389	-177.329	3847.96	S08000032	1	2000	4000	2000	50	50
S02002390	-177.412	3848.38	S08000032	1	2000	4000	2000	50	50
S02002391	-177.968	3849.17	S08000032	1	2000	4000	2000	50	50
S02002392	-178.033	3849.73	S08000032	1	2000	4000	2000	50	50
S02002393	-178.24	3850.39	S08000032	1	2000	4000	2000	50	50
S02002394	-177.709	3850.05	S08000032	1	2000	4000	2000	50	50
S02002395	-177.233	3849.23	S08000032	1	2000	4000	2000	50	50
S02002396	-176.862	3848.67	S08000032	1	2000	4000	2000	50	50
S02002397	-176.375	3848.46	S08000032	1	2000	4000	2000	50	50
S02002398	-176.062	3848.97	S08000032	1	2000	4000	2000	50	50
S02002399	-176.746	3850.41	S08000032	1	2000	4000	2000	50	50
S02002400	-176.705	3850.82	S08000032	1	2000	4000	2000	50	50
S02002401	-177.323	3851.59	S08000032	1	2000	4000	2000	50	50
S02002402	-179.417	3851.31	S08000032	1	2000	4000	2000	50	50
S02002403	-180.011	3851.53	S08000032	1	2000	4000	2000	50	50
S02002404	-180.354	3851.07	S08000032	1	2000	4000	2000	50	50
S02002405	-181.244	3850.79	S08000032	1	2000	4000	2000	50	50
S02002406	-181.133	3851.41	S08000032	1	2000	4000	2000	50	50
S02002407	-182.278	3851.8	S08000032	1	2000	4000	2000	50	50
S02002408	-182.432	3852.33	S08000032	1	2000	4000	2000	50	50
S02002409	-183.217	3852.22	S08000032	1	2000	4000	2000	50	50
S02002410	-183.464	3851.95	S08000032	1	2000	4000	2000	50	50
S02002411	-183.576	3851.66	S08000032	1	2000	4000	2000	50	50
S02002412	-183.124	3851.18	S08000032	1	2000	4000	2000	50	50
S02002413	-182.348	3851.4	S08000032	1	2000	4000	2000	50	50
S02002414	-182.209	3850.97	S08000032	1	2000	4000	2000	50	50
S02002415	-182.366	3850.62	S08000032	1	2000	4000	2000	50	50
S02002416	-180.937	3848.11	S08000032	1	2000	4000	2000	50	50
S02002417	-179.876	3848.62	S08000032	1	2000	4000	2000	50	50
S02002418	-180.33	3848.44	S08000032	1	2000	4000	2000	50	50
S02002419	-180.866	3848.22	S08000032	1	2000	4000	2000	50	50
S02002420	-180.273	3847.85	S08000032	1	2000	4000	2000	50	50
S02002421	-181.142	3847.5	S08000032	1	2000	4000	2000	50	50
S02002422	-181.318	3847.99	S08000032	1	2000	4000	2000	50	50
S02002423	-181.826	3847.7	S08000032	1	2000	4000	2000	50	50
S02002424	-181.895	3848.27	S08000032	1	2000	4000	2000	50	50
S02002425	-182.812	3848.1	S08000032	1	2000	4000	2000	50	50
S02002426	-184.058	3847.44	S08000032	1	2000	4000	2000	50	50
S02002427	-183.122	3847.29	S08000032	1	2000	4000	2000	50	50
S02002428	-183.267	3846.69	S08000032	1	2000	4000	2000	50	50
S02002429	-182.672	3846.09	S08000032	1	2000	4000	2000	50	50
S02002430	-181.948	3846.56	S08000032	1	2000	4000	2000	50	50
S02002431	-182.47	3846.58	S08000032	1	2000	4000	2000	50	50
S02002432	-182.436	3847	S08000032	1	2000	4000	2000	50	50
S02002433	-182.34	3847.44	S08000032	1	2000	4000	2000	50	50
S02002434	-181.63	3847.19	S08000032	1	2000	4000	2000	50	50
S02002435	-181.115	3846.72	S08000032	1	2000	4000	2000	50	50
S02002436	-189.71	3865.47	S08000019	1	2000	4000	2000	50	50
S02002437	-189.844	3869.33	S08000019	1	2000	4000	2000	50	50
S02002438	-181.012	3871.62	S08000019	1	2000	4000	2000	50	50
S02002439	-172.599	3871.44	S08000019	1	2000	4000	2000	50	50
S02002440	-169.015	3869.11	S08000019	1	2000	4000	2000	50	50
S02002441	-167.965	3869.7	S08000019	1	2000	4000	2000	50	50
S02002442	-168.251	3871.22	S08000019	1	2000	4000	2000	50	50
S02002443	-169.818	3870.18	S08000019	1	2000	4000	2000	50	50
S02002444	-170.485	3870.31	S08000019	1	2000	4000	2000	50	50
S02002445	-170.619	3870.84	S08000019	1	2000	4000	2000	50	50
S02002446	-171.274	3870.86	S08000019	1	2000	4000	2000	50	50
S02002447	-171.201	3871.66	S08000019	1	2000	4000	2000	50	50
S02002448	-170.285	3871.91	S08000019	1	2000	4000	2000	50	50
S02002449	-171.101	3872.35	S08000019	1	2000	4000	2000	50	50
S02002450	-171.669	3872.97	S08000019	1	2000	4000	2000	50	50
S02002451	-171.157	3873.34	S08000019	1	2000	4000	2000	50	50
S02002452	-170.634	3873.47	S08000019	1	2000	4000	2000	50	50
S02002453	-171.209	3874.49	S08000019	1	2000	4000	2000	50	50
S02002454	-170.487	3872.74	S08000019	1	2000	4000	2000	50	50
S02002455	-171.87	3877.39	S08000019	1	2000	4000	2000	50	50
S02002456	-172.435	3876.71	S08000019	1	2000	4000	2000	50	50
S02002457	-178.65	3875.96	S08000019	1	2000	4000	2000	50	50
S02002458	-183.264	3880.6	S08000019	1	2000	4000	2000	50	50
S02002459	-191.661	3887.47	S08000019	1	2000	4000	2000	50	50
S02002460	-190.655	3856.83	S08000031	1	2000	4000	2000	50	50
S02002461	-191.397	3857.34	S08000031	1	2000	4000	2000	50	50
S02002462	-190.773	3857.57	S08000031	1	2000	4000	2000	50	50
S02002463	-191.605	3858.05	S08000031	1	2000	4000	2000	50	50
S02002464	-191.464	3858.54	S08000031	1	2000	4000	2000	50	50
S02002465	-190.934	3859.04	S08000031	1	2000	4000	2000	50	50
S02002466	-191.907	3859.01	S08000031	1	2000	4000	2000	50	50
S02002467	-192.407	3858.11	S08000031	1	2000	4000	2000	50	50
S02002468	-193.36	3858.6	S08000031	1	2000	4000	2000	50	50
S02002469	-196.849	3860.04	S08000031	1	2000	4000	2000	50	50
S02002470	-197.669	3860.79	S08000031	1	2000	4000	2000	50	50
S02002471	-198.159	3860.2	S08000031	1	2000	4000	2000	50	50
S02002472	-199.27	3860.34	S08000031	1	2000	4000	2000	50	50
S02002473	-198.973	3862.39	S08000031	1	2000	4000	2000	50	50
S02002474	-198.356	3862.3	S08000031	1	2000	4000	2000	50	50
S02002475	-198.739	3863.22	S08000031	1	2000	4000	2000	50	50
S02002476	-199.059	3863.88	S08000031	1	2000	4000	2000	50	50
S02002477	-198.187	3864.62	S08000031	1	2000	4000	2000	50	50
S02002478	-160.914	3852.12	S08000024	1	2000	4000	2000	50	50
S02002479	-156.965	3853.11	S08000024	1	2000	4000	2000	50	50
S02002480	-154.791	3853.99	S08000024	1	2000	4000	2000	50	50
S02002481	-153.503	3855.31	S08000024	1	2000	4000	2000	50	50
S02002482	-152.247	3855	S08000024	1	2000	4000	2000	50	50
S02002483	-152.349	3855.9	S08000024	1	2000	4000	2000	50	50
S02002484	-150.357	3856.07	S08000024	1	2000	4000	2000	50	50
S02002485	-150.047	3856.66	S08000024	1	2000	4000	2000	50	50
S02002486	-151.891	3857.87	S08000024	1	2000	4000	2000	50	50
S02002487	-151.791	3856.97	S08000024	1	2000	4000	2000	50	50
S02002488	-153.084	3856.49	S08000024	1	2000	4000	2000	50	50
S02002489	-153.811	3856.4	S08000024	1	2000	4000	2000	50	50
S02002490	-152.915	3857.01	S08000024	1	2000	4000	2000	50	50
S02002491	-153.256	3857.49	S08000024	1	2000	4000	2000	50	50
S02002492	-154.542	3857.5	S08000024	1	2000	4000	2000	50	50
S02002493	-154.724	3857.13	S08000024	1	2000	4000	2000	50	50
S02002494	-154.261	3857.11	S08000024	1	2000	4000	2000	50	50
S02002495	-156.43	3855.55	S08000024	1	2000	4000	2000	50	50
S02002496	-157.342	3855.32	S08000024	1	2000	4000	2000	50	50
S02002497	-159.426	3854.45	S08000024	1	2000	4000	2000	50	50
S02002498	-160.34	3854.68	S08000024	1	2000	4000	2000	50	50
S02002499	-161.031	3854.79	S08000024	1	2000	4000	2000	50	50
S02002500	-160.792	3857.13	S08000024	1	2000	4000	2000	50	50
S02002501	-160.457	3856.64	S08000024	1	2000	4000	2000	50	50
S02002502	-157.926	3856.2	S08000024	1	2000	4000	2000	50	50
S02002503	-156.822	3857.1	S08000024	1	2000	4000	2000	50	50
S02002504	-158.056	3857.24	S08000024	1	2000	4000	2000	50	50
S02002505	-158.801	3857.26	S08000024	1	2000	4000	2000	50	50
S02002506	-161.699	3857.59	S08000024	1	2000	4000	2000	50	50
S02002507	-156.586	3861.75	S08000024	1	2000	4000	2000	50	50
S02002508	-157.29	3862.56	S08000024	1	2000	4000	2000	50	50
S02002509	-155.729	3862.7	S08000024	1	2000	4000	2000	50	50
S02002510	-151.329	3861.59	S08000024	1	2000	4000	2000	50	50
S02002511	-151.499	3859.59	S08000024	1	2000	4000	2000	50	50
S02002512	-152.601	3859.17	S08000024	1	2000	4000	2000	50	50
S02002513	-150.951	3859.31	S08000024	1	2000	4000	2000	50	50
S02002514	-150.515	3859.53	S08000024	1	2000	4000	2000	50	50
